0 0.7524038461538461 0.34375 0.03365384615384615 0.02403846153846154
0 0.7259615384615384 0.35336538461538464 0.016826923076923076 0.038461538461538464
0 0.7103365384615384 0.3641826923076923 0.02403846153846154 0.028846153846153848
0 0.7175480769230769 0.38822115384615385 0.036057692307692304 0.040865384615384616
0 0.7463942307692307 0.38341346153846156 0.028846153846153848 0.040865384615384616
0 0.6875 0.4074519230769231 0.026442307692307692 0.03125
0 0.7391826923076923 0.42427884615384615 0.038461538461538464 0.03365384615384615
0 0.7355769230769231 0.44350961538461536 0.021634615384615384 0.016826923076923076
0 0.75 0.453125 0.026442307692307692 0.02403846153846154
0 0.7199519230769231 0.46875 0.036057692307692304 0.04326923076923077
0 0.7295673076923077 0.47716346153846156 0.021634615384615384 0.028846153846153848
0 0.7379807692307693 0.48197115384615385 0.026442307692307692 0.03125
0 0.7223557692307693 0.5108173076923077 0.036057692307692304 0.03365384615384615
0 0.7415865384615384 0.5120192307692307 0.01201923076923077 0.028846153846153848
0 0.7536057692307693 0.5204326923076923 0.02403846153846154 0.052884615384615384
0 0.7295673076923077 0.5288461538461539 0.02403846153846154 0.021634615384615384
0 0.8293269230769231 0.515625 0.021634615384615384 0.04567307692307692