0 0.7872596153846154 0.3389423076923077 0.03365384615384615 0.02403846153846154
0 0.7620192307692307 0.34975961538461536 0.016826923076923076 0.038461538461538464
0 0.7451923076923077 0.3605769230769231 0.02403846153846154 0.028846153846153848
0 0.7536057692307693 0.38461538461538464 0.036057692307692304 0.040865384615384616
0 0.78125 0.3798076923076923 0.028846153846153848 0.040865384615384616
0 0.7247596153846154 0.4050480769230769 0.028846153846153848 0.03125
0 0.7752403846153846 0.421875 0.038461538461538464 0.03365384615384615
0 0.7728365384615384 0.4411057692307692 0.021634615384615384 0.016826923076923076
0 0.7884615384615384 0.4495192307692308 0.026442307692307692 0.02403846153846154
0 0.7584134615384616 0.46634615384615385 0.036057692307692304 0.04567307692307692
0 0.7680288461538461 0.47475961538461536 0.02403846153846154 0.028846153846153848
0 0.7752403846153846 0.4795673076923077 0.026442307692307692 0.03365384615384615
0 0.7608173076923077 0.5084134615384616 0.036057692307692304 0.03365384615384615
0 0.7800480769230769 0.5096153846153846 0.01201923076923077 0.028846153846153848
0 0.7920673076923077 0.5180288461538461 0.026442307692307692 0.055288461538461536
0 0.7680288461538461 0.5264423076923077 0.026442307692307692 0.021634615384615384
0 0.8677884615384616 0.5132211538461539 0.02403846153846154 0.04807692307692308