0 0.1778846153846154 0.4831730769230769 0.03365384615384615 0.021634615384615384
0 0.20673076923076922 0.4831730769230769 0.014423076923076924 0.038461538461538464
0 0.22596153846153846 0.4879807692307692 0.02403846153846154 0.028846153846153848
0 0.22716346153846154 0.5132211538461539 0.03365384615384615 0.038461538461538464
0 0.19831730769230768 0.5180288461538461 0.026442307692307692 0.040865384615384616
0 0.2608173076923077 0.5204326923076923 0.026442307692307692 0.028846153846153848
0 0.21875 0.5540865384615384 0.038461538461538464 0.03125
0 0.22956730769230768 0.5709134615384616 0.019230769230769232 0.016826923076923076
0 0.21754807692307693 0.5853365384615384 0.026442307692307692 0.021634615384615384
0 0.25240384615384615 0.5889423076923077 0.03365384615384615 0.04326923076923077
0 0.24639423076923078 0.6009615384615384 0.021634615384615384 0.028846153846153848
0 0.2403846153846154 0.6081730769230769 0.02403846153846154 0.03125
0 0.2644230769230769 0.6298076923076923 0.036057692307692304 0.03125
0 0.24639423076923078 0.6370192307692307 0.009615384615384616 0.028846153846153848
0 0.23918269230769232 0.6502403846153846 0.02403846153846154 0.052884615384615384
0 0.26322115384615385 0.6490384615384616 0.02403846153846154 0.021634615384615384
0 0.16706730769230768 0.6706730769230769 0.021634615384615384 0.04567307692307692