0 0.19591346153846154 0.14302884615384615 0.03365384615384615 0.04326923076923077
0 0.3137019230769231 0.36778846153846156 0.03365384615384615 0.036057692307692304
0 0.30528846153846156 0.39663461538461536 0.021634615384615384 0.03365384615384615
0 0.40625 0.5108173076923077 0.028846153846153848 0.021634615384615384
0 0.4266826923076923 0.5276442307692307 0.016826923076923076 0.026442307692307692
0 0.38461538461538464 0.5504807692307693 0.019230769230769232 0.028846153846153848
0 0.4411057692307692 0.5673076923076923 0.019230769230769232 0.02403846153846154
0 0.037259615384615384 0.4879807692307692 0.019230769230769232 0.021634615384615384
0 0.40865384615384615 0.6165865384615384 0.03365384615384615 0.04807692307692308
0 0.4423076923076923 0.6538461538461539 0.02403846153846154 0.05048076923076923
0 0.0673076923076923 0.5877403846153846 0.02403846153846154 0.028846153846153848
0 0.4326923076923077 0.6995192307692307 0.014423076923076924 0.026442307692307692
0 0.030048076923076924 0.6947115384615384 0.021634615384615384 0.040865384615384616