0 0.0889423076923077 0.28966346153846156 0.03125 0.04326923076923077
0 0.2800480769230769 0.4567307692307692 0.03365384615384615 0.03365384615384615
0 0.28125 0.4855769230769231 0.019230769230769232 0.03365384615384615
0 0.41586538461538464 0.5552884615384616 0.026442307692307692 0.019230769230769232
0 0.4411057692307692 0.5637019230769231 0.016826923076923076 0.026442307692307692
0 0.4098557692307692 0.6009615384615384 0.019230769230769232 0.026442307692307692
0 0.46875 0.5961538461538461 0.016826923076923076 0.021634615384615384
0 0.06370192307692307 0.6670673076923077 0.016826923076923076 0.021634615384615384
0 0.45552884615384615 0.6538461538461539 0.03125 0.04567307692307692
0 0.5 0.6754807692307693 0.021634615384615384 0.05048076923076923
0 0.12740384615384615 0.7475961538461539 0.02403846153846154 0.028846153846153848
0 0.5084134615384616 0.7211538461538461 0.01201923076923077 0.026442307692307692
0 0.1310096153846154 0.8617788461538461 0.019230769230769232 0.040865384615384616