0 0.828125 0.1875 0.03125 0.040865384615384616
0 0.6899038461538461 0.39663461538461536 0.03125 0.03125
0 0.6947115384615384 0.42427884615384615 0.019230769230769232 0.03365384615384615
0 0.5853365384615384 0.5264423076923077 0.026442307692307692 0.019230769230769232
0 0.5637019230769231 0.5408653846153846 0.014423076923076924 0.02403846153846154
0 0.6021634615384616 0.5661057692307693 0.016826923076923076 0.026442307692307692
0 0.5444711538461539 0.5769230769230769 0.016826923076923076 0.021634615384615384
0 0.9495192307692307 0.5420673076923077 0.014423076923076924 0.021634615384615384
0 0.5733173076923077 0.6298076923076923 0.028846153846153848 0.04326923076923077
0 0.5348557692307693 0.6622596153846154 0.019230769230769232 0.04807692307692308
0 0.9098557692307693 0.6358173076923077 0.021634615384615384 0.026442307692307692
0 0.5384615384615384 0.7091346153846154 0.01201923076923077 0.026442307692307692
0 0.9350961538461539 0.7451923076923077 0.016826923076923076 0.038461538461538464