0 0.15264423076923078 0.8377403846153846 0.002403846153846154 0.004807692307692308
0 0.14903846153846154 0.8413461538461539 0.002403846153846154 0.01201923076923077
0 0.08413461538461539 0.8605769230769231 0.01201923076923077 0.004807692307692308
0 0.13581730769230768 0.8701923076923077 0.009615384615384616 0.01201923076923077
0 0.1875 0.8930288461538461 0.007211538461538462 0.004807692307692308
0 0.07932692307692307 0.9026442307692307 0.004807692307692308 0.009615384615384616
0 0.06129807692307692 0.9050480769230769 0.002403846153846154 0.004807692307692308
0 0.06129807692307692 0.9098557692307693 0.007211538461538462 0.004807692307692308
0 0.06850961538461539 0.9086538461538461 0.004807692307692308 0.004807692307692308
0 0.07572115384615384 0.9170673076923077 0.004807692307692308 0.007211538461538462
0 0.08413461538461539 0.9206730769230769 0.01201923076923077 0.01201923076923077
0 0.09735576923076923 0.9230769230769231 0.004807692307692308 0.004807692307692308
0 0.125 0.9254807692307693 0.004807692307692308 0.01201923076923077
0 0.18028846153846154 0.9302884615384616 0.007211538461538462 0.007211538461538462
0 0.18870192307692307 0.9555288461538461 0.002403846153846154 0.007211538461538462
0 0.15504807692307693 0.9639423076923077 0.009615384615384616 0.004807692307692308
0 0.18870192307692307 0.9651442307692307 0.002403846153846154 0.007211538461538462
0 0.9627403846153846 0.9603365384615384 0.007211538461538462 0.007211538461538462
0 0.22956730769230768 0.13822115384615385 0.009615384615384616 0.009615384615384616
0 0.33774038461538464 0.22716346153846154 0.004807692307692308 0.007211538461538462