0 0.12139423076923077 0.5396634615384616 0.01201923076923077 0.014423076923076924
0 0.23197115384615385 0.6802884615384616 0.009615384615384616 0.019230769230769232
0 0.0625 0.6670673076923077 0.01201923076923077 0.014423076923076924
0 0.06971153846153846 0.7091346153846154 0.009615384615384616 0.009615384615384616
0 0.09375 0.7379807692307693 0.009615384615384616 0.01201923076923077
0 0.0985576923076923 0.7680288461538461 0.01201923076923077 0.01201923076923077
0 0.11899038461538461 0.7980769230769231 0.009615384615384616 0.019230769230769232
0 0.046875 0.7980769230769231 0.009615384615384616 0.009615384615384616
0 0.1201923076923077 0.8389423076923077 0.007211538461538462 0.01201923076923077
0 0.12980769230769232 0.8557692307692307 0.007211538461538462 0.014423076923076924
0 0.057692307692307696 0.8485576923076923 0.004807692307692308 0.01201923076923077
0 0.06009615384615385 0.8521634615384616 0.002403846153846154 0.004807692307692308
0 0.03485576923076923 0.8677884615384616 0.009615384615384616 0.016826923076923076
0 0.054086538461538464 0.8737980769230769 0.004807692307692308 0.014423076923076924
0 0.13701923076923078 0.21875 0.009615384615384616 0.009615384615384616
0 0.23677884615384615 0.4098557692307692 0.004807692307692308 0.01201923076923077
0 0.2548076923076923 0.48197115384615385 0.01201923076923077 0.01201923076923077