0 0.8257211538461539 0.6514423076923077 0.009615384615384616 0.014423076923076924
0 0.6862980769230769 0.7403846153846154 0.009615384615384616 0.019230769230769232
0 0.8401442307692307 0.78125 0.01201923076923077 0.014423076923076924
0 0.8197115384615384 0.8161057692307693 0.009615384615384616 0.009615384615384616
0 0.7896634615384616 0.8341346153846154 0.007211538461538462 0.01201923076923077
0 0.7764423076923077 0.8605769230769231 0.01201923076923077 0.01201923076923077
0 0.7487980769230769 0.8798076923076923 0.009615384615384616 0.019230769230769232
0 0.8137019230769231 0.9014423076923077 0.007211538461538462 0.009615384615384616
0 0.8629807692307693 0.9302884615384616 0.007211538461538462 0.019230769230769232
0 0.7367788461538461 0.9146634615384616 0.004807692307692308 0.01201923076923077
0 0.7223557692307693 0.9290865384615384 0.007211538461538462 0.014423076923076924
0 0.7884615384615384 0.9423076923076923 0.004807692307692308 0.01201923076923077
0 0.7848557692307693 0.9459134615384616 0.002403846153846154 0.004807692307692308
0 0.8016826923076923 0.9675480769230769 0.009615384615384616 0.016826923076923076
0 0.7836538461538461 0.9663461538461539 0.004807692307692308 0.01201923076923077
0 0.9098557692307693 0.36177884615384615 0.009615384615384616 0.009615384615384616
0 0.7632211538461539 0.5 0.004807692307692308 0.01201923076923077
0 0.7259615384615384 0.5588942307692307 0.01201923076923077 0.009615384615384616