0 0.875 0.6105769230769231 0.009615384615384616 0.014423076923076924
0 0.7391826923076923 0.7367788461538461 0.007211538461538462 0.019230769230769232
0 0.9170673076923077 0.7512019230769231 0.01201923076923077 0.014423076923076924
0 0.9014423076923077 0.7932692307692307 0.009615384615384616 0.009615384615384616
0 0.8725961538461539 0.8185096153846154 0.007211538461538462 0.01201923076923077
0 0.8629807692307693 0.8497596153846154 0.009615384615384616 0.01201923076923077
0 0.8353365384615384 0.8762019230769231 0.007211538461538462 0.019230769230769232
0 0.9110576923076923 0.8882211538461539 0.007211538461538462 0.009615384615384616
0 0.9711538461538461 0.9098557692307693 0.004807692307692308 0.019230769230769232
0 0.8293269230769231 0.9182692307692307 0.004807692307692308 0.01201923076923077
0 0.8149038461538461 0.9350961538461539 0.004807692307692308 0.014423076923076924
0 0.8918269230769231 0.9387019230769231 0.002403846153846154 0.01201923076923077
0 0.8882211538461539 0.9423076923076923 0.002403846153846154 0.004807692307692308
0 0.9110576923076923 0.9627403846153846 0.004807692307692308 0.019230769230769232
0 0.8918269230769231 0.9651442307692307 0.004807692307692308 0.014423076923076924
0 0.9122596153846154 0.2764423076923077 0.009615384615384616 0.009615384615384616
0 0.7776442307692307 0.4567307692307692 0.004807692307692308 0.01201923076923077
0 0.7475961538461539 0.5288461538461539 0.01201923076923077 0.009615384615384616