0 0.08413461538461539 0.09375 0.01201923076923077 0.021634615384615384
0 0.7908653846153846 0.7427884615384616 0.007211538461538462 0.01201923076923077
0 0.32572115384615385 0.8689903846153846 0.016826923076923076 0.014423076923076924
0 0.8858173076923077 0.8509615384615384 0.016826923076923076 0.021634615384615384
0 0.9002403846153846 0.8653846153846154 0.007211538461538462 0.007211538461538462
0 0.21394230769230768 0.12740384615384615 0.009615384615384616 0.016826923076923076
0 0.24278846153846154 0.15264423076923078 0.01201923076923077 0.014423076923076924
0 0.2283653846153846 0.16947115384615385 0.009615384615384616 0.01201923076923077
0 0.41346153846153844 0.24519230769230768 0.014423076923076924 0.02403846153846154
0 0.19591346153846154 0.34615384615384615 0.007211538461538462 0.01201923076923077
0 0.19591346153846154 0.36658653846153844 0.01201923076923077 0.016826923076923076
0 0.22355769230769232 0.36778846153846156 0.007211538461538462 0.014423076923076924
0 0.22956730769230768 0.4639423076923077 0.019230769230769232 0.014423076923076924
0 0.18389423076923078 0.4987980769230769 0.016826923076923076 0.021634615384615384
0 0.20673076923076922 0.49759615384615385 0.009615384615384616 0.014423076923076924
0 0.33774038461538464 0.5132211538461539 0.01201923076923077 0.014423076923076924
0 0.33774038461538464 0.5228365384615384 0.009615384615384616 0.01201923076923077