0 0.07692307692307693 0.15144230769230768 0.01201923076923077 0.019230769230769232
0 0.7800480769230769 0.6935096153846154 0.007211538461538462 0.01201923076923077
0 0.3629807692307692 0.8461538461538461 0.016826923076923076 0.014423076923076924
0 0.8774038461538461 0.7848557692307693 0.016826923076923076 0.021634615384615384
0 0.8918269230769231 0.796875 0.007211538461538462 0.007211538461538462
0 0.19951923076923078 0.17067307692307693 0.009615384615384616 0.016826923076923076
0 0.22716346153846154 0.19110576923076922 0.01201923076923077 0.014423076923076924
0 0.21514423076923078 0.2091346153846154 0.007211538461538462 0.01201923076923077
0 0.16706730769230768 0.08413461538461539 0.01201923076923077 0.016826923076923076
0 0.39302884615384615 0.2644230769230769 0.014423076923076924 0.021634615384615384
0 0.19951923076923078 0.375 0.007211538461538462 0.01201923076923077
0 0.20192307692307693 0.3942307692307692 0.01201923076923077 0.016826923076923076
0 0.2283653846153846 0.3918269230769231 0.009615384615384616 0.014423076923076924
0 0.2403846153846154 0.4807692307692308 0.019230769230769232 0.014423076923076924
0 0.20192307692307693 0.515625 0.016826923076923076 0.021634615384615384
0 0.22115384615384615 0.5120192307692307 0.009615384615384616 0.014423076923076924
0 0.3449519230769231 0.5168269230769231 0.01201923076923077 0.014423076923076924
0 0.34615384615384615 0.5264423076923077 0.009615384615384616 0.01201923076923077