0 0.25841346153846156 0.7932692307692307 0.007211538461538462 0.01201923076923077
0 0.8004807692307693 0.7872596153846154 0.019230769230769232 0.016826923076923076
0 0.18870192307692307 0.9411057692307693 0.019230769230769232 0.02403846153846154
0 0.17668269230769232 0.9603365384615384 0.009615384615384616 0.009615384615384616
0 0.6911057692307693 0.003605769230769231 0.01201923076923077 0.007211538461538462
0 0.5120192307692307 0.13942307692307693 0.014423076923076924 0.026442307692307692
0 0.7788461538461539 0.18028846153846154 0.007211538461538462 0.014423076923076924
0 0.7848557692307693 0.203125 0.014423076923076924 0.019230769230769232
0 0.7548076923076923 0.21153846153846154 0.009615384615384616 0.016826923076923076
0 0.7788461538461539 0.31850961538461536 0.021634615384615384 0.016826923076923076
0 0.8377403846153846 0.34134615384615385 0.019230769230769232 0.02403846153846154
0 0.8137019230769231 0.34615384615384615 0.01201923076923077 0.016826923076923076
0 0.6754807692307693 0.4050480769230769 0.01201923076923077 0.016826923076923076
0 0.6790865384615384 0.4170673076923077 0.01201923076923077 0.014423076923076924