0 0.2980769230769231 0.026442307692307692 0.007211538461538462 0.014423076923076924
0 0.2776442307692308 0.2932692307692308 0.01201923076923077 0.02403846153846154
0 0.2644230769230769 0.3016826923076923 0.009615384615384616 0.016826923076923076
0 0.18269230769230768 0.328125 0.019230769230769232 0.009615384615384616
0 0.45552884615384615 0.41466346153846156 0.014423076923076924 0.009615384615384616
0 0.20432692307692307 0.4254807692307692 0.009615384615384616 0.007211538461538462
0 0.05889423076923077 0.4519230769230769 0.004807692307692308 0.014423076923076924
0 0.06129807692307692 0.4651442307692308 0.009615384615384616 0.019230769230769232
0 0.47836538461538464 0.4579326923076923 0.014423076923076924 0.009615384615384616
0 0.3942307692307692 0.4675480769230769 0.01201923076923077 0.016826923076923076
0 0.3293269230769231 0.5204326923076923 0.007211538461538462 0.026442307692307692
0 0.2920673076923077 0.5276442307692307 0.014423076923076924 0.007211538461538462
0 0.3641826923076923 0.5348557692307693 0.009615384615384616 0.016826923076923076
0 0.4050480769230769 0.5504807692307693 0.009615384615384616 0.028846153846153848