0 0.27884615384615385 0.027644230769230768 0.004807692307692308 0.014423076923076924
0 0.26322115384615385 0.2860576923076923 0.01201923076923077 0.02403846153846154
0 0.25240384615384615 0.29447115384615385 0.009615384615384616 0.016826923076923076
0 0.17307692307692307 0.32091346153846156 0.019230769230769232 0.009615384615384616
0 0.4375 0.40024038461538464 0.01201923076923077 0.009615384615384616
0 0.19591346153846154 0.41346153846153844 0.009615384615384616 0.007211538461538462
0 0.056490384615384616 0.4411057692307692 0.004807692307692308 0.014423076923076924
0 0.06009615384615385 0.4543269230769231 0.009615384615384616 0.019230769230769232
0 0.46033653846153844 0.4411057692307692 0.014423076923076924 0.009615384615384616
0 0.3798076923076923 0.45072115384615385 0.01201923076923077 0.014423076923076924
0 0.3173076923076923 0.5024038461538461 0.009615384615384616 0.026442307692307692
0 0.28125 0.5120192307692307 0.014423076923076924 0.007211538461538462
0 0.35216346153846156 0.5168269230769231 0.009615384615384616 0.014423076923076924
0 0.3918269230769231 0.53125 0.01201923076923077 0.026442307692307692