0 0.21995192307692307 0.21634615384615385 0.01201923076923077 0.02403846153846154
0 0.20793269230769232 0.22235576923076922 0.009615384615384616 0.014423076923076924
0 0.12980769230769232 0.24639423076923078 0.019230769230769232 0.009615384615384616
0 0.38461538461538464 0.3329326923076923 0.01201923076923077 0.009615384615384616
0 0.14903846153846154 0.33774038461538464 0.009615384615384616 0.007211538461538462
0 0.01201923076923077 0.3605769230769231 0.004807692307692308 0.01201923076923077
0 0.013221153846153846 0.37259615384615385 0.009615384615384616 0.019230769230769232
0 0.40625 0.37259615384615385 0.01201923076923077 0.009615384615384616
0 0.3269230769230769 0.3798076923076923 0.01201923076923077 0.014423076923076924
0 0.2644230769230769 0.42788461538461536 0.007211538461538462 0.026442307692307692
0 0.22956730769230768 0.4362980769230769 0.01201923076923077 0.007211538461538462
0 0.296875 0.44350961538461536 0.009615384615384616 0.014423076923076924
0 0.33653846153846156 0.4579326923076923 0.009615384615384616 0.026442307692307692