0 0.78125 0.13221153846153846 0.009615384615384616 0.01201923076923077
0 0.765625 0.15264423076923078 0.021634615384615384 0.014423076923076924
0 0.6430288461538461 0.15504807692307693 0.01201923076923077 0.01201923076923077
0 0.6262019230769231 0.19471153846153846 0.014423076923076924 0.019230769230769232
0 0.6045673076923077 0.19591346153846154 0.004807692307692308 0.004807692307692308
0 0.5925480769230769 0.20432692307692307 0.01201923076923077 0.01201923076923077
0 0.6009615384615384 0.21875 0.004807692307692308 0.004807692307692308
0 0.6021634615384616 0.2283653846153846 0.007211538461538462 0.004807692307692308
0 0.5997596153846154 0.23317307692307693 0.016826923076923076 0.009615384615384616
0 0.7235576923076923 0.2620192307692308 0.009615384615384616 0.014423076923076924
0 0.6117788461538461 0.2548076923076923 0.016826923076923076 0.014423076923076924