0 0.7319711538461539 0.13341346153846154 0.007211538461538462 0.01201923076923077
0 0.7211538461538461 0.15384615384615385 0.019230769230769232 0.01201923076923077
0 0.6069711538461539 0.17067307692307693 0.01201923076923077 0.009615384615384616
0 0.5949519230769231 0.2091346153846154 0.01201923076923077 0.016826923076923076
0 0.5745192307692307 0.2127403846153846 0.004807692307692308 0.004807692307692308
0 0.5649038461538461 0.22235576923076922 0.009615384615384616 0.009615384615384616
0 0.5745192307692307 0.23557692307692307 0.004807692307692308 0.004807692307692308
0 0.5769230769230769 0.24278846153846154 0.007211538461538462 0.004807692307692308
0 0.5745192307692307 0.24879807692307693 0.014423076923076924 0.009615384615384616
0 0.6947115384615384 0.2608173076923077 0.007211538461538462 0.01201923076923077
0 0.5877403846153846 0.2668269230769231 0.014423076923076924 0.01201923076923077