0 0.2127403846153846 0.1658653846153846 0.009615384615384616 0.01201923076923077
0 0.22596153846153846 0.18509615384615385 0.019230769230769232 0.014423076923076924
0 0.34134615384615385 0.18509615384615385 0.01201923076923077 0.01201923076923077
0 0.359375 0.22355769230769232 0.014423076923076924 0.019230769230769232
0 0.3798076923076923 0.22355769230769232 0.004807692307692308 0.004807692307692308
0 0.390625 0.23197115384615385 0.009615384615384616 0.009615384615384616
0 0.38341346153846156 0.24639423076923078 0.004807692307692308 0.004807692307692308
0 0.38341346153846156 0.2536057692307692 0.007211538461538462 0.004807692307692308
0 0.38461538461538464 0.25841346153846156 0.014423076923076924 0.009615384615384616
0 0.26802884615384615 0.28846153846153844 0.009615384615384616 0.014423076923076924
0 0.3737980769230769 0.2800480769230769 0.014423076923076924 0.014423076923076924