0 0.5324519230769231 0.0673076923076923 0.021634615384615384 0.04567307692307692
0 0.5865384615384616 0.08533653846153846 0.016826923076923076 0.03125
0 0.5877403846153846 0.11298076923076923 0.016826923076923076 0.019230769230769232
0 0.5865384615384616 0.14903846153846154 0.021634615384615384 0.052884615384615384
0 0.6033653846153846 0.15504807692307693 0.016826923076923076 0.028846153846153848
0 0.5384615384615384 0.008413461538461538 0.038461538461538464 0.016826923076923076
0 0.5901442307692307 0.2247596153846154 0.03125 0.052884615384615384
0 0.44711538461538464 0.013221153846153846 0.021634615384615384 0.021634615384615384
0 0.4639423076923077 0.026442307692307692 0.03125 0.04807692307692308
0 0.5853365384615384 0.051682692307692304 0.026442307692307692 0.036057692307692304
0 0.484375 0.039663461538461536 0.021634615384615384 0.021634615384615384