0 0.6129807692307693 0.07211538461538461 0.019230769230769232 0.038461538461538464
0 0.6574519230769231 0.09014423076923077 0.014423076923076924 0.026442307692307692
0 0.6574519230769231 0.11177884615384616 0.014423076923076924 0.016826923076923076
0 0.6550480769230769 0.14182692307692307 0.019230769230769232 0.04567307692307692
0 0.6694711538461539 0.14783653846153846 0.014423076923076924 0.026442307692307692
0 0.6189903846153846 0.020432692307692308 0.03125 0.019230769230769232
0 0.6550480769230769 0.20673076923076922 0.028846153846153848 0.04567307692307692
0 0.5432692307692307 0.02283653846153846 0.019230769230769232 0.019230769230769232
0 0.5576923076923077 0.03365384615384615 0.026442307692307692 0.040865384615384616
0 0.6598557692307693 0.06009615384615385 0.02403846153846154 0.03125
0 0.5745192307692307 0.04567307692307692 0.019230769230769232 0.019230769230769232