0 0.8894230769230769 0.1622596153846154 0.04567307692307692 0.026442307692307692
0 0.46153846153846156 0.42908653846153844 0.038461538461538464 0.02403846153846154
0 0.8954326923076923 0.3894230769230769 0.036057692307692304 0.05048076923076923
0 0.5877403846153846 0.4639423076923077 0.03365384615384615 0.02403846153846154
0 0.5889423076923077 0.5144230769230769 0.036057692307692304 0.02403846153846154
0 0.5600961538461539 0.5264423076923077 0.021634615384615384 0.028846153846153848
0 0.5528846153846154 0.5637019230769231 0.016826923076923076 0.02403846153846154
0 0.6117788461538461 0.5769230769230769 0.016826923076923076 0.036057692307692304
0 0.5456730769230769 0.5961538461538461 0.021634615384615384 0.02403846153846154
0 0.49038461538461536 0.6189903846153846 0.03365384615384615 0.03125
0 0.5901442307692307 0.6033653846153846 0.028846153846153848 0.028846153846153848
0 0.5564903846153846 0.6370192307692307 0.03125 0.02403846153846154
0 0.5288461538461539 0.65625 0.03125 0.040865384615384616