0 0.7427884615384616 0.0733173076923077 0.04326923076923077 0.016826923076923076
0 0.8076923076923077 0.21514423076923078 0.040865384615384616 0.026442307692307692
0 0.2644230769230769 0.24639423076923078 0.036057692307692304 0.016826923076923076
0 0.7019230769230769 0.29927884615384615 0.026442307692307692 0.04567307692307692
0 0.38221153846153844 0.3088942307692308 0.03125 0.016826923076923076
0 0.37259615384615385 0.3581730769230769 0.03365384615384615 0.016826923076923076
0 0.3425480769230769 0.3641826923076923 0.016826923076923076 0.026442307692307692
0 0.328125 0.39903846153846156 0.014423076923076924 0.021634615384615384
0 0.38221153846153844 0.4254807692307692 0.009615384615384616 0.036057692307692304
0 0.3137019230769231 0.43149038461538464 0.016826923076923076 0.021634615384615384
0 0.2536057692307692 0.4411057692307692 0.028846153846153848 0.026442307692307692
0 0.3557692307692308 0.44591346153846156 0.026442307692307692 0.02403846153846154
0 0.3161057692307692 0.4735576923076923 0.028846153846153848 0.019230769230769232
0 0.28365384615384615 0.4855769230769231 0.02403846153846154 0.038461538461538464
0 0.5745192307692307 0.8353365384615384 0.028846153846153848 0.03365384615384615