0 0.15144230769230768 0.25600961538461536 0.036057692307692304 0.019230769230769232
0 0.12259615384615384 0.3798076923076923 0.036057692307692304 0.026442307692307692
0 0.5600961538461539 0.31971153846153844 0.03125 0.019230769230769232
0 0.21995192307692307 0.42908653846153844 0.026442307692307692 0.038461538461538464
0 0.47596153846153844 0.38822115384615385 0.026442307692307692 0.016826923076923076
0 0.49158653846153844 0.4254807692307692 0.028846153846153848 0.019230769230769232
0 0.5168269230769231 0.4266826923076923 0.016826923076923076 0.021634615384615384
0 0.5348557692307693 0.4519230769230769 0.014423076923076924 0.019230769230769232
0 0.49399038461538464 0.4807692307692308 0.01201923076923077 0.028846153846153848
0 0.5492788461538461 0.47475961538461536 0.016826923076923076 0.019230769230769232
0 0.5985576923076923 0.4723557692307692 0.026442307692307692 0.02403846153846154
0 0.5180288461538461 0.49278846153846156 0.02403846153846154 0.021634615384615384
0 0.5540865384615384 0.5084134615384616 0.02403846153846154 0.016826923076923076
0 0.5817307692307693 0.5132211538461539 0.02403846153846154 0.03365384615384615
0 0.4050480769230769 0.8377403846153846 0.028846153846153848 0.03125