0 0.5048076923076923 0.7980769230769231 0.014423076923076924 0.014423076923076924
0 0.5096153846153846 0.8076923076923077 0.021634615384615384 0.019230769230769232
0 0.15625 0.7512019230769231 0.016826923076923076 0.014423076923076924
0 0.5408653846153846 0.8401442307692307 0.019230769230769232 0.026442307692307692
0 0.5252403846153846 0.8557692307692307 0.016826923076923076 0.02403846153846154
0 0.46274038461538464 0.8533653846153846 0.021634615384615384 0.02403846153846154
0 0.12379807692307693 0.7920673076923077 0.026442307692307692 0.021634615384615384
0 0.5084134615384616 0.8822115384615384 0.019230769230769232 0.028846153846153848
0 0.11778846153846154 0.8016826923076923 0.014423076923076924 0.021634615384615384
0 0.4387019230769231 0.8737980769230769 0.014423076923076924 0.016826923076923076
0 0.41466346153846156 0.8798076923076923 0.016826923076923076 0.028846153846153848
0 0.49038461538461536 0.9038461538461539 0.014423076923076924 0.019230769230769232
0 0.14903846153846154 0.8305288461538461 0.02403846153846154 0.02403846153846154
0 0.2620192307692308 0.8822115384615384 0.021634615384615384 0.021634615384615384
0 0.4375 0.9519230769230769 0.019230769230769232 0.016826923076923076
0 0.09495192307692307 0.8834134615384616 0.016826923076923076 0.021634615384615384