0 0.5913461538461539 0.7487980769230769 0.01201923076923077 0.01201923076923077
0 0.5997596153846154 0.7548076923076923 0.019230769230769232 0.016826923076923076
0 0.30528846153846156 0.8497596153846154 0.014423076923076924 0.014423076923076924
0 0.6346153846153846 0.7668269230769231 0.016826923076923076 0.021634615384615384
0 0.6298076923076923 0.7848557692307693 0.016826923076923076 0.021634615384615384
0 0.5817307692307693 0.8076923076923077 0.019230769230769232 0.021634615384615384
0 0.2956730769230769 0.8930288461538461 0.02403846153846154 0.019230769230769232
0 0.6274038461538461 0.8125 0.016826923076923076 0.02403846153846154
0 0.2956730769230769 0.9026442307692307 0.01201923076923077 0.019230769230769232
0 0.5709134615384616 0.8329326923076923 0.01201923076923077 0.014423076923076924
0 0.14543269230769232 0.9471153846153846 0.021634615384615384 0.026442307692307692
0 0.5540865384615384 0.8473557692307693 0.016826923076923076 0.026442307692307692
0 0.6213942307692307 0.8353365384615384 0.014423076923076924 0.016826923076923076
0 0.33052884615384615 0.9134615384615384 0.021634615384615384 0.021634615384615384
0 0.4375 0.9086538461538461 0.019230769230769232 0.019230769230769232
0 0.5997596153846154 0.8942307692307693 0.016826923076923076 0.014423076923076924
0 0.3112980769230769 0.9747596153846154 0.014423076923076924 0.019230769230769232
0 0.44591346153846156 0.9915865384615384 0.014423076923076924 0.01201923076923077