0 0.45913461538461536 0.7487980769230769 0.014423076923076924 0.01201923076923077
0 0.453125 0.7572115384615384 0.019230769230769232 0.016826923076923076
0 0.7908653846153846 0.8161057692307693 0.016826923076923076 0.014423076923076924
0 0.41346153846153844 0.7764423076923077 0.016826923076923076 0.02403846153846154
0 0.42427884615384615 0.7956730769230769 0.016826923076923076 0.02403846153846154
0 0.4807692307692308 0.8137019230769231 0.019230769230769232 0.021634615384615384
0 0.8076923076923077 0.8617788461538461 0.02403846153846154 0.019230769230769232
0 0.43028846153846156 0.8257211538461539 0.014423076923076924 0.026442307692307692
0 0.8100961538461539 0.8737980769230769 0.01201923076923077 0.019230769230769232
0 0.4963942307692308 0.8389423076923077 0.01201923076923077 0.016826923076923076
0 0.5168269230769231 0.8521634615384616 0.014423076923076924 0.028846153846153848
0 0.4411057692307692 0.8497596153846154 0.01201923076923077 0.019230769230769232
0 0.7728365384615384 0.890625 0.021634615384615384 0.021634615384615384
0 0.6538461538461539 0.9014423076923077 0.019230769230769232 0.019230769230769232
0 0.4735576923076923 0.9110576923076923 0.019230769230769232 0.016826923076923076
0 0.8052884615384616 0.9543269230769231 0.014423076923076924 0.021634615384615384
0 0.6598557692307693 0.9927884615384616 0.016826923076923076 0.009615384615384616