0 0.45552884615384615 0.054086538461538464 0.038461538461538464 0.03125
0 0.8088942307692307 0.12620192307692307 0.038461538461538464 0.03365384615384615
0 0.5072115384615384 0.22235576923076922 0.028846153846153848 0.04807692307692308
0 0.4879807692307692 0.22115384615384615 0.019230769230769232 0.036057692307692304
0 0.7632211538461539 0.3004807692307692 0.03365384615384615 0.03365384615384615
0 0.8461538461538461 0.3076923076923077 0.05048076923076923 0.036057692307692304
0 0.7920673076923077 0.3125 0.03125 0.04567307692307692
0 0.5721153846153846 0.32091346153846156 0.038461538461538464 0.04807692307692308
0 0.7235576923076923 0.3317307692307692 0.04326923076923077 0.036057692307692304
0 0.7391826923076923 0.35096153846153844 0.03365384615384615 0.021634615384615384
0 0.7283653846153846 0.3641826923076923 0.04567307692307692 0.036057692307692304
0 0.5588942307692307 0.3870192307692308 0.040865384615384616 0.06009615384615385
0 0.4266826923076923 0.6382211538461539 0.036057692307692304 0.04567307692307692