0 0.38221153846153844 0.06490384615384616 0.03365384615384615 0.026442307692307692
0 0.6778846153846154 0.12620192307692307 0.03365384615384615 0.026442307692307692
0 0.4254807692307692 0.20552884615384615 0.02403846153846154 0.040865384615384616
0 0.4098557692307692 0.20432692307692307 0.014423076923076924 0.03125
0 0.640625 0.27163461538461536 0.028846153846153848 0.028846153846153848
0 0.7079326923076923 0.2776442307692308 0.040865384615384616 0.03125
0 0.6634615384615384 0.28125 0.026442307692307692 0.038461538461538464
0 0.4795673076923077 0.28725961538461536 0.03125 0.040865384615384616
0 0.6069711538461539 0.296875 0.036057692307692304 0.028846153846153848
0 0.6189903846153846 0.3137019230769231 0.026442307692307692 0.019230769230769232
0 0.609375 0.3245192307692308 0.038461538461538464 0.03125
0 0.4675480769230769 0.34375 0.03365384615384615 0.05048076923076923
0 0.3581730769230769 0.5528846153846154 0.03125 0.038461538461538464