0 0.46153846153846156 0.027644230769230768 0.036057692307692304 0.028846153846153848
0 0.7584134615384616 0.10576923076923077 0.036057692307692304 0.028846153846153848
0 0.4963942307692308 0.17307692307692307 0.026442307692307692 0.040865384615384616
0 0.4807692307692308 0.17067307692307693 0.019230769230769232 0.03365384615384615
0 0.7115384615384616 0.2512019230769231 0.03125 0.028846153846153848
0 0.78125 0.2608173076923077 0.04326923076923077 0.03125
0 0.7355769230769231 0.2620192307692308 0.028846153846153848 0.040865384615384616
0 0.5480769230769231 0.25841346153846156 0.03365384615384615 0.040865384615384616
0 0.6766826923076923 0.2764423076923077 0.038461538461538464 0.03125
0 0.6887019230769231 0.2920673076923077 0.028846153846153848 0.019230769230769232
0 0.6790865384615384 0.30408653846153844 0.038461538461538464 0.03125
0 0.5336538461538461 0.31490384615384615 0.036057692307692304 0.052884615384615384
0 0.4098557692307692 0.5228365384615384 0.03365384615384615 0.040865384615384616