0 0.9002403846153846 0.16947115384615385 0.014423076923076924 0.019230769230769232
0 0.5360576923076923 0.5432692307692307 0.007211538461538462 0.014423076923076924
0 0.4423076923076923 0.6947115384615384 0.01201923076923077 0.009615384615384616
0 0.4338942307692308 0.7007211538461539 0.002403846153846154 0.004807692307692308
0 0.5576923076923077 0.7127403846153846 0.002403846153846154 0.009615384615384616
0 0.5480769230769231 0.71875 0.01201923076923077 0.016826923076923076
0 0.53125 0.7235576923076923 0.002403846153846154 0.016826923076923076
0 0.5276442307692307 0.7247596153846154 0.002403846153846154 0.009615384615384616
0 0.49399038461538464 0.7259615384615384 0.009615384615384616 0.014423076923076924
0 0.5096153846153846 0.7415865384615384 0.009615384615384616 0.014423076923076924
0 0.5456730769230769 0.7524038461538461 0.007211538461538462 0.009615384615384616
0 0.4579326923076923 0.7524038461538461 0.01201923076923077 0.019230769230769232
0 0.5540865384615384 0.7620192307692307 0.009615384615384616 0.016826923076923076
0 0.46875 0.7584134615384616 0.014423076923076924 0.014423076923076924