0 0.04807692307692308 0.1778846153846154 0.016826923076923076 0.021634615384615384
0 0.46875 0.49158653846153844 0.009615384615384616 0.016826923076923076
0 0.5865384615384616 0.6274038461538461 0.01201923076923077 0.01201923076923077
0 0.5949519230769231 0.6310096153846154 0.002403846153846154 0.004807692307692308
0 0.4735576923076923 0.6622596153846154 0.002403846153846154 0.009615384615384616
0 0.484375 0.6682692307692307 0.014423076923076924 0.019230769230769232
0 0.5024038461538461 0.6694711538461539 0.004807692307692308 0.016826923076923076
0 0.5048076923076923 0.671875 0.004807692307692308 0.009615384615384616
0 0.5384615384615384 0.6658653846153846 0.01201923076923077 0.014423076923076924
0 0.5252403846153846 0.6838942307692307 0.01201923076923077 0.016826923076923076
0 0.49158653846153844 0.7019230769230769 0.007211538461538462 0.009615384615384616
0 0.5793269230769231 0.6875 0.014423076923076924 0.019230769230769232
0 0.4855769230769231 0.7103365384615384 0.01201923076923077 0.016826923076923076
0 0.5697115384615384 0.6935096153846154 0.016826923076923076 0.016826923076923076