0 0.9951923076923077 0.13701923076923078 0.004807692307692308 0.02403846153846154
0 0.6081730769230769 0.5877403846153846 0.009615384615384616 0.016826923076923076
0 0.5084134615384616 0.7668269230769231 0.01201923076923077 0.01201923076923077
0 0.5012019230769231 0.7728365384615384 0.002403846153846154 0.004807692307692308
0 0.6430288461538461 0.7800480769230769 0.002403846153846154 0.01201923076923077
0 0.6334134615384616 0.7884615384615384 0.014423076923076924 0.019230769230769232
0 0.6141826923076923 0.7956730769230769 0.002403846153846154 0.019230769230769232
0 0.6105769230769231 0.796875 0.002403846153846154 0.01201923076923077
0 0.5721153846153846 0.7992788461538461 0.009615384615384616 0.014423076923076924
0 0.5901442307692307 0.8161057692307693 0.01201923076923077 0.016826923076923076
0 0.6322115384615384 0.828125 0.007211538461538462 0.01201923076923077
0 0.53125 0.8317307692307693 0.01201923076923077 0.021634615384615384
0 0.6418269230769231 0.8365384615384616 0.01201923076923077 0.016826923076923076
0 0.5432692307692307 0.8377403846153846 0.016826923076923076 0.014423076923076924