0 0.7776442307692307 0.5637019230769231 0.014423076923076924 0.016826923076923076
0 0.7475961538461539 0.6009615384615384 0.01201923076923077 0.019230769230769232
0 0.7043269230769231 0.6165865384615384 0.009615384615384616 0.021634615384615384
0 0.8377403846153846 0.6286057692307693 0.021634615384615384 0.021634615384615384
0 0.6237980769230769 0.6478365384615384 0.016826923076923076 0.02403846153846154
0 0.7127403846153846 0.6466346153846154 0.009615384615384616 0.019230769230769232
0 0.7019230769230769 0.6550480769230769 0.01201923076923077 0.004807692307692308
0 0.7019230769230769 0.6634615384615384 0.014423076923076924 0.009615384615384616
0 0.859375 0.6670673076923077 0.021634615384615384 0.016826923076923076
0 0.7932692307692307 0.7055288461538461 0.019230769230769232 0.014423076923076924
0 0.765625 0.7271634615384616 0.009615384615384616 0.016826923076923076
0 0.6947115384615384 0.8401442307692307 0.009615384615384616 0.021634615384615384
0 0.7620192307692307 0.8894230769230769 0.021634615384615384 0.01201923076923077
0 0.828125 0.48677884615384615 0.019230769230769232 0.01201923076923077
0 0.8149038461538461 0.49158653846153844 0.01201923076923077 0.019230769230769232
0 0.7680288461538461 0.515625 0.014423076923076924 0.016826923076923076
0 0.6442307692307693 0.5408653846153846 0.014423076923076924 0.021634615384615384