0 0.8317307692307693 0.47475961538461536 0.019230769230769232 0.019230769230769232
0 0.8076923076923077 0.5204326923076923 0.016826923076923076 0.021634615384615384
0 0.765625 0.546875 0.014423076923076924 0.02403846153846154
0 0.9098557692307693 0.5300480769230769 0.026442307692307692 0.026442307692307692
0 0.6862980769230769 0.5973557692307693 0.021634615384615384 0.028846153846153848
0 0.7800480769230769 0.5769230769230769 0.014423076923076924 0.021634615384615384
0 0.7728365384615384 0.5889423076923077 0.014423076923076924 0.007211538461538462
0 0.7740384615384616 0.5973557692307693 0.016826923076923076 0.014423076923076924
0 0.9399038461538461 0.5649038461538461 0.026442307692307692 0.021634615384615384
0 0.8798076923076923 0.6213942307692307 0.021634615384615384 0.016826923076923076
0 0.8545673076923077 0.6502403846153846 0.014423076923076924 0.019230769230769232
0 0.8052884615384616 0.7836538461538461 0.016826923076923076 0.02403846153846154
0 0.8882211538461539 0.8209134615384616 0.02403846153846154 0.016826923076923076
0 0.8665865384615384 0.38221153846153844 0.021634615384615384 0.016826923076923076
0 0.8545673076923077 0.3894230769230769 0.016826923076923076 0.02403846153846154
0 0.8100961538461539 0.4254807692307692 0.019230769230769232 0.019230769230769232
0 0.6850961538461539 0.4795673076923077 0.019230769230769232 0.02403846153846154