0 0.7427884615384616 0.7151442307692307 0.019230769230769232 0.021634615384615384
0 0.6959134615384616 0.7524038461538461 0.016826923076923076 0.02403846153846154
0 0.640625 0.7572115384615384 0.014423076923076924 0.026442307692307692
0 0.7956730769230769 0.8100961538461539 0.028846153846153848 0.028846153846153848
0 0.5348557692307693 0.7716346153846154 0.021634615384615384 0.03125
0 0.6418269230769231 0.7944711538461539 0.014423076923076924 0.02403846153846154
0 0.6274038461538461 0.8028846153846154 0.014423076923076924 0.009615384615384616
0 0.625 0.8137019230769231 0.019230769230769232 0.014423076923076924
0 0.8100961538461539 0.8581730769230769 0.028846153846153848 0.02403846153846154
0 0.7223557692307693 0.8870192307692307 0.02403846153846154 0.019230769230769232
0 0.6826923076923077 0.9050480769230769 0.014423076923076924 0.021634615384615384
0 0.8221153846153846 0.6370192307692307 0.02403846153846154 0.019230769230769232
0 0.8064903846153846 0.640625 0.016826923076923076 0.026442307692307692
0 0.7427884615384616 0.65625 0.019230769230769232 0.021634615384615384
0 0.5901442307692307 0.6502403846153846 0.019230769230769232 0.026442307692307692