0 0.9771634615384616 0.4987980769230769 0.02403846153846154 0.014423076923076924
0 0.9783653846153846 0.5492788461538461 0.02403846153846154 0.038461538461538464
0 0.06009615384615385 0.5048076923076923 0.009615384615384616 0.014423076923076924
0 0.8725961538461539 0.5949519230769231 0.02403846153846154 0.040865384615384616
0 0.9314903846153846 0.6598557692307693 0.016826923076923076 0.028846153846153848
0 0.9735576923076923 0.7151442307692307 0.016826923076923076 0.026442307692307692
0 0.8762019230769231 0.7331730769230769 0.007211538461538462 0.007211538461538462
0 0.8677884615384616 0.7319711538461539 0.004807692307692308 0.014423076923076924
0 0.8533653846153846 0.7451923076923077 0.04326923076923077 0.021634615384615384
0 0.9435096153846154 0.7536057692307693 0.019230769230769232 0.057692307692307696
0 0.9675480769230769 0.7932692307692307 0.014423076923076924 0.014423076923076924
0 0.8040865384615384 0.8774038461538461 0.016826923076923076 0.021634615384615384