0 0.7584134615384616 0.13701923076923078 0.04326923076923077 0.040865384615384616
0 0.44350961538461536 0.14903846153846154 0.03125 0.07692307692307693
0 0.7487980769230769 0.22596153846153846 0.028846153846153848 0.038461538461538464
0 0.4050480769230769 0.20673076923076922 0.057692307692307696 0.038461538461538464
0 0.7728365384615384 0.2800480769230769 0.03125 0.036057692307692304
0 0.6586538461538461 0.2644230769230769 0.028846153846153848 0.055288461538461536
0 0.4795673076923077 0.30408653846153844 0.05048076923076923 0.04807692307692308
0 0.578125 0.32091346153846156 0.04807692307692308 0.03125
0 0.8485576923076923 0.38221153846153844 0.038461538461538464 0.06490384615384616
0 0.5985576923076923 0.35336538461538464 0.02403846153846154 0.036057692307692304
0 0.5721153846153846 0.6899038461538461 0.055288461538461536 0.036057692307692304