0 0.5540865384615384 0.25600961538461536 0.03365384615384615 0.03125
0 0.28725961538461536 0.31009615384615385 0.016826923076923076 0.06490384615384616
0 0.5576923076923077 0.33413461538461536 0.021634615384615384 0.03125
0 0.26322115384615385 0.3629807692307692 0.04807692307692308 0.026442307692307692
0 0.5853365384615384 0.37740384615384615 0.02403846153846154 0.028846153846153848
0 0.4855769230769231 0.3786057692307692 0.019230769230769232 0.04567307692307692
0 0.3389423076923077 0.4362980769230769 0.040865384615384616 0.036057692307692304
0 0.4254807692307692 0.4375 0.038461538461538464 0.02403846153846154
0 0.6634615384615384 0.4543269230769231 0.026442307692307692 0.055288461538461536
0 0.44591346153846156 0.4639423076923077 0.016826923076923076 0.03125
0 0.4699519230769231 0.7512019230769231 0.04567307692307692 0.026442307692307692