0 0.5132211538461539 0.21754807692307693 0.038461538461538464 0.036057692307692304
0 0.23557692307692307 0.296875 0.02403846153846154 0.07211538461538461
0 0.5240384615384616 0.2980769230769231 0.026442307692307692 0.03365384615384615
0 0.21514423076923078 0.35697115384615385 0.052884615384615384 0.03365384615384615
0 0.5564903846153846 0.3401442307692308 0.026442307692307692 0.03125
0 0.4519230769230769 0.35336538461538464 0.02403846153846154 0.05048076923076923
0 0.30288461538461536 0.4266826923076923 0.04567307692307692 0.04326923076923077
0 0.39302884615384615 0.41947115384615385 0.04326923076923077 0.028846153846153848
0 0.6478365384615384 0.41586538461538464 0.03365384615384615 0.06009615384615385
0 0.4182692307692308 0.44591346153846156 0.021634615384615384 0.03365384615384615
0 0.46875 0.7487980769230769 0.05048076923076923 0.03125