0 0.7175480769230769 0.6081730769230769 0.009615384615384616 0.016826923076923076
0 0.006009615384615385 0.7608173076923077 0.01201923076923077 0.016826923076923076
0 0.3004807692307692 0.8064903846153846 0.01201923076923077 0.007211538461538462
0 0.2692307692307692 0.8233173076923077 0.009615384615384616 0.016826923076923076
0 0.28966346153846156 0.8257211538461539 0.007211538461538462 0.009615384615384616
0 0.7163461538461539 0.8509615384615384 0.009615384615384616 0.014423076923076924
0 0.30408653846153844 0.8533653846153846 0.009615384615384616 0.019230769230769232
0 0.5372596153846154 0.4651442307692308 0.004807692307692308 0.014423076923076924
0 0.5264423076923077 0.5300480769230769 0.007211538461538462 0.01201923076923077
0 0.47475961538461536 0.5384615384615384 0.01201923076923077 0.021634615384615384
0 0.53125 0.5504807692307693 0.009615384615384616 0.009615384615384616
0 0.6165865384615384 0.5564903846153846 0.007211538461538462 0.021634615384615384
0 0.5072115384615384 0.5588942307692307 0.009615384615384616 0.01201923076923077
0 0.5444711538461539 0.5997596153846154 0.016826923076923076 0.014423076923076924