0 0.5913461538461539 0.5853365384615384 0.009615384615384616 0.014423076923076924
0 0.20192307692307693 0.7463942307692307 0.009615384615384616 0.007211538461538462
0 0.17427884615384615 0.7596153846153846 0.007211538461538462 0.014423076923076924
0 0.1935096153846154 0.7632211538461539 0.007211538461538462 0.009615384615384616
0 0.5769230769230769 0.8064903846153846 0.009615384615384616 0.01201923076923077
0 0.20432692307692307 0.7884615384615384 0.009615384615384616 0.016826923076923076
0 0.4338942307692308 0.44711538461538464 0.004807692307692308 0.014423076923076924
0 0.4206730769230769 0.5060096153846154 0.007211538461538462 0.01201923076923077
0 0.3737980769230769 0.5108173076923077 0.01201923076923077 0.019230769230769232
0 0.42427884615384615 0.5252403846153846 0.009615384615384616 0.009615384615384616
0 0.5024038461538461 0.5336538461538461 0.007211538461538462 0.019230769230769232
0 0.4026442307692308 0.53125 0.009615384615384616 0.009615384615384616
0 0.4338942307692308 0.5697115384615384 0.014423076923076924 0.01201923076923077