0 0.5793269230769231 0.5504807692307693 0.007211538461538462 0.01201923076923077
0 0.019230769230769232 0.7211538461538461 0.009615384615384616 0.009615384615384616
0 0.25961538461538464 0.7379807692307693 0.009615384615384616 0.007211538461538462
0 0.23677884615384615 0.7536057692307693 0.007211538461538462 0.01201923076923077
0 0.2536057692307692 0.7548076923076923 0.007211538461538462 0.007211538461538462
0 0.5949519230769231 0.7451923076923077 0.007211538461538462 0.01201923076923077
0 0.2668269230769231 0.7752403846153846 0.009615384615384616 0.016826923076923076
0 0.4254807692307692 0.4483173076923077 0.004807692307692308 0.01201923076923077
0 0.421875 0.5024038461538461 0.004807692307692308 0.009615384615384616
0 0.38100961538461536 0.5120192307692307 0.009615384615384616 0.019230769230769232
0 0.42788461538461536 0.5180288461538461 0.007211538461538462 0.007211538461538462
0 0.4951923076923077 0.515625 0.007211538461538462 0.019230769230769232
0 0.4074519230769231 0.5252403846153846 0.007211538461538462 0.009615384615384616
0 0.4411057692307692 0.5564903846153846 0.014423076923076924 0.009615384615384616