0 0.9182692307692307 0.109375 0.03125 0.02403846153846154
0 0.8269230769230769 0.10096153846153846 0.021634615384615384 0.036057692307692304
0 0.8617788461538461 0.13581730769230768 0.01201923076923077 0.02403846153846154
0 0.9639423076923077 0.15504807692307693 0.016826923076923076 0.028846153846153848
0 0.8858173076923077 0.16105769230769232 0.016826923076923076 0.02403846153846154
0 0.7391826923076923 0.1466346153846154 0.021634615384615384 0.028846153846153848
0 0.9627403846153846 0.18509615384615385 0.026442307692307692 0.016826923076923076
0 0.9326923076923077 0.20432692307692307 0.019230769230769232 0.038461538461538464
0 0.7103365384615384 0.1875 0.014423076923076924 0.036057692307692304
0 0.984375 0.234375 0.019230769230769232 0.038461538461538464
0 0.5997596153846154 0.22355769230769232 0.036057692307692304 0.028846153846153848
0 0.9170673076923077 0.27884615384615385 0.014423076923076924 0.03365384615384615
0 0.7728365384615384 0.28125 0.03125 0.02403846153846154
0 0.9375 0.3076923076923077 0.02403846153846154 0.019230769230769232
0 0.9771634615384616 0.3329326923076923 0.021634615384615384 0.026442307692307692
0 0.8413461538461539 0.3293269230769231 0.026442307692307692 0.036057692307692304