0 0.8954326923076923 0.8966346153846154 0.02403846153846154 0.016826923076923076
0 0.828125 0.9110576923076923 0.019230769230769232 0.019230769230769232
0 0.8990384615384616 0.9314903846153846 0.019230769230769232 0.016826923076923076
0 0.6947115384615384 0.8882211538461539 0.014423076923076924 0.026442307692307692
0 0.8413461538461539 0.9471153846153846 0.02403846153846154 0.05048076923076923
0 0.6670673076923077 0.9603365384615384 0.03125 0.052884615384615384
0 0.8185096153846154 0.9951923076923077 0.016826923076923076 0.004807692307692308
0 0.4951923076923077 0.9447115384615384 0.016826923076923076 0.03125
0 0.6454326923076923 0.9927884615384616 0.026442307692307692 0.009615384615384616
0 0.5829326923076923 0.9939903846153846 0.021634615384615384 0.007211538461538462
0 0.4483173076923077 0.9723557692307693 0.03365384615384615 0.04807692307692308