0 0.9002403846153846 0.12860576923076922 0.016826923076923076 0.02403846153846154
0 0.9014423076923077 0.16346153846153846 0.01201923076923077 0.016826923076923076
0 0.890625 0.17668269230769232 0.01201923076923077 0.02403846153846154
0 0.9146634615384616 0.19110576923076922 0.016826923076923076 0.03365384615384615
0 0.9278846153846154 0.20072115384615385 0.019230769230769232 0.03125
0 0.9591346153846154 0.22115384615384615 0.02403846153846154 0.03125
0 0.8545673076923077 0.24278846153846154 0.028846153846153848 0.021634615384615384
0 0.7764423076923077 0.22956730769230768 0.021634615384615384 0.03365384615384615
0 0.8040865384615384 0.2620192307692308 0.01201923076923077 0.019230769230769232
0 0.8894230769230769 0.2848557692307692 0.016826923076923076 0.02403846153846154
0 0.8233173076923077 0.2860576923076923 0.016826923076923076 0.021634615384615384
0 0.6983173076923077 0.2620192307692308 0.021634615384615384 0.02403846153846154
0 0.8870192307692307 0.3125 0.021634615384615384 0.014423076923076924
0 0.859375 0.32572115384615385 0.019230769230769232 0.03365384615384615
0 0.9350961538461539 0.3545673076923077 0.026442307692307692 0.028846153846153848
0 0.6694711538461539 0.29447115384615385 0.016826923076923076 0.03125
0 0.9014423076923077 0.3557692307692308 0.019230769230769232 0.03365384615384615
0 0.5733173076923077 0.31850961538461536 0.03365384615384615 0.026442307692307692
0 0.8401442307692307 0.3894230769230769 0.016826923076923076 0.03125
0 0.7163461538461539 0.3798076923076923 0.026442307692307692 0.02403846153846154
0 0.8545673076923077 0.41586538461538464 0.021634615384615384 0.016826923076923076
0 0.8882211538461539 0.4387019230769231 0.021634615384615384 0.021634615384615384
0 0.7716346153846154 0.4266826923076923 0.02403846153846154 0.03125
0 0.9675480769230769 0.5204326923076923 0.021634615384615384 0.04807692307692308