0 0.8930288461538461 0.0889423076923077 0.009615384615384616 0.014423076923076924
0 0.9206730769230769 0.10216346153846154 0.016826923076923076 0.026442307692307692
0 0.9350961538461539 0.109375 0.021634615384615384 0.03365384615384615
0 0.96875 0.12980769230769232 0.026442307692307692 0.03365384615384615
0 0.8557692307692307 0.15264423076923078 0.03125 0.02403846153846154
0 0.7716346153846154 0.13581730769230768 0.02403846153846154 0.036057692307692304
0 0.8004807692307693 0.17067307692307693 0.01201923076923077 0.021634615384615384
0 0.8930288461538461 0.19951923076923078 0.019230769230769232 0.028846153846153848
0 0.8209134615384616 0.1971153846153846 0.019230769230769232 0.02403846153846154
0 0.6850961538461539 0.16947115384615385 0.02403846153846154 0.026442307692307692
0 0.890625 0.22716346153846154 0.02403846153846154 0.016826923076923076
0 0.859375 0.24158653846153846 0.021634615384615384 0.038461538461538464
0 0.9411057692307693 0.27524038461538464 0.026442307692307692 0.03125
0 0.6538461538461539 0.20432692307692307 0.019230769230769232 0.036057692307692304
0 0.9038461538461539 0.27524038461538464 0.021634615384615384 0.036057692307692304
0 0.5480769230769231 0.2283653846153846 0.036057692307692304 0.028846153846153848
0 0.8377403846153846 0.31009615384615385 0.016826923076923076 0.03365384615384615
0 0.7043269230769231 0.296875 0.03125 0.02403846153846154
0 0.8533653846153846 0.3389423076923077 0.02403846153846154 0.019230769230769232
0 0.8894230769230769 0.36538461538461536 0.021634615384615384 0.02403846153846154
0 0.7632211538461539 0.34975961538461536 0.028846153846153848 0.036057692307692304
0 0.9735576923076923 0.4543269230769231 0.02403846153846154 0.052884615384615384