0 0.3786057692307692 0.6069711538461539 0.04326923076923077 0.03365384615384615
0 0.2620192307692308 0.003605769230769231 0.019230769230769232 0.007211538461538462
0 0.28125 0.007211538461538462 0.038461538461538464 0.014423076923076924
0 0.5120192307692307 0.010817307692307692 0.026442307692307692 0.021634615384615384
0 0.44591346153846156 0.028846153846153848 0.021634615384615384 0.04807692307692308
0 0.12980769230769232 0.02403846153846154 0.036057692307692304 0.040865384615384616
0 0.17548076923076922 0.046875 0.028846153846153848 0.040865384615384616
0 0.3088942307692308 0.056490384615384616 0.021634615384615384 0.036057692307692304
0 0.28966346153846156 0.06850961538461539 0.019230769230769232 0.06009615384615385
0 0.32572115384615385 0.0985576923076923 0.014423076923076924 0.03125
0 0.18269230769230768 0.1141826923076923 0.019230769230769232 0.036057692307692304
0 0.2548076923076923 0.14302884615384615 0.016826923076923076 0.04807692307692308
0 0.2668269230769231 0.14302884615384615 0.014423076923076924 0.026442307692307692
0 0.16466346153846154 0.1502403846153846 0.026442307692307692 0.05048076923076923
0 0.3485576923076923 0.15985576923076922 0.040865384615384616 0.04567307692307692
0 0.3293269230769231 0.16706730769230768 0.016826923076923076 0.016826923076923076
0 0.3088942307692308 0.17668269230769232 0.016826923076923076 0.026442307692307692
0 0.17427884615384615 0.16947115384615385 0.021634615384615384 0.02403846153846154
0 0.3233173076923077 0.20432692307692307 0.026442307692307692 0.04807692307692308
0 0.19951923076923078 0.20552884615384615 0.026442307692307692 0.0625
0 0.23317307692307693 0.21033653846153846 0.028846153846153848 0.02403846153846154
0 0.3713942307692308 0.23798076923076922 0.026442307692307692 0.036057692307692304
0 0.3245192307692308 0.24519230769230768 0.028846153846153848 0.036057692307692304
0 0.2764423076923077 0.2644230769230769 0.01201923076923077 0.028846153846153848
0 0.35216346153846156 0.2824519230769231 0.03365384615384615 0.028846153846153848
0 0.32572115384615385 0.29086538461538464 0.016826923076923076 0.03125
0 0.19471153846153846 0.30288461538461536 0.03365384615384615 0.04807692307692308
0 0.3329326923076923 0.3137019230769231 0.019230769230769232 0.02403846153846154
0 0.22956730769230768 0.3161057692307692 0.03125 0.028846153846153848
0 0.26322115384615385 0.328125 0.036057692307692304 0.026442307692307692
0 0.24879807692307693 0.33774038461538464 0.016826923076923076 0.03365384615384615
0 0.2403846153846154 0.35336538461538464 0.02403846153846154 0.03365384615384615
0 0.265625 0.3605769230769231 0.021634615384615384 0.02403846153846154
0 0.4074519230769231 0.38221153846153844 0.040865384615384616 0.040865384615384616
0 0.2692307692307692 0.3870192307692308 0.03365384615384615 0.04807692307692308