0 0.7728365384615384 0.026442307692307692 0.019230769230769232 0.01201923076923077
0 0.5805288461538461 0.65625 0.040865384615384616 0.03125
0 0.5685096153846154 0.07091346153846154 0.019230769230769232 0.04807692307692308
0 0.6286057692307693 0.09495192307692307 0.02403846153846154 0.04567307692307692
0 0.5721153846153846 0.09615384615384616 0.019230769230769232 0.026442307692307692
0 0.7800480769230769 0.11778846153846154 0.019230769230769232 0.038461538461538464
0 0.7608173076923077 0.1201923076923077 0.014423076923076924 0.036057692307692304
0 0.7439903846153846 0.12139423076923077 0.036057692307692304 0.04567307692307692
0 0.5384615384615384 0.1045673076923077 0.026442307692307692 0.036057692307692304
0 0.6129807692307693 0.020432692307692308 0.02403846153846154 0.026442307692307692
0 0.59375 0.13822115384615385 0.021634615384615384 0.04567307692307692
0 0.8737980769230769 0.17307692307692307 0.03365384615384615 0.038461538461538464
0 0.8293269230769231 0.1875 0.026442307692307692 0.036057692307692304
0 0.7115384615384616 0.1778846153846154 0.021634615384615384 0.03365384615384615
0 0.7271634615384616 0.19230769230769232 0.019230769230769232 0.052884615384615384
0 0.6911057692307693 0.2127403846153846 0.01201923076923077 0.028846153846153848
0 0.8149038461538461 0.24519230769230768 0.016826923076923076 0.03365384615384615
0 0.7487980769230769 0.2608173076923077 0.016826923076923076 0.04326923076923077
0 0.7367788461538461 0.2608173076923077 0.01201923076923077 0.02403846153846154
0 0.8269230769230769 0.27884615384615385 0.02403846153846154 0.04807692307692308
0 0.6646634615384616 0.2644230769230769 0.038461538461538464 0.040865384615384616
0 0.6790865384615384 0.27403846153846156 0.016826923076923076 0.016826923076923076
0 0.6971153846153846 0.2860576923076923 0.014423076923076924 0.02403846153846154
0 0.8161057692307693 0.2956730769230769 0.019230769230769232 0.02403846153846154
0 0.6802884615384616 0.3088942307692308 0.02403846153846154 0.04326923076923077
0 0.7908653846153846 0.3245192307692308 0.026442307692307692 0.057692307692307696
0 0.7596153846153846 0.3245192307692308 0.026442307692307692 0.021634615384615384
0 0.5829326923076923 0.03485576923076923 0.02403846153846154 0.03365384615384615
0 0.6334134615384616 0.3317307692307692 0.02403846153846154 0.03365384615384615
0 0.6742788461538461 0.3425480769230769 0.026442307692307692 0.03125
0 0.7139423076923077 0.36658653846153844 0.01201923076923077 0.026442307692307692
0 0.6442307692307693 0.3737980769230769 0.03125 0.028846153846153848
0 0.6670673076923077 0.38461538461538464 0.016826923076923076 0.028846153846153848
0 0.5408653846153846 0.036057692307692304 0.036057692307692304 0.03125
0 0.78125 0.4110576923076923 0.028846153846153848 0.04326923076923077
0 0.6586538461538461 0.4026442307692308 0.016826923076923076 0.021634615384615384
0 0.75 0.4182692307692308 0.026442307692307692 0.026442307692307692
0 0.7175480769230769 0.42427884615384615 0.03365384615384615 0.02403846153846154
0 0.7295673076923077 0.43509615384615385 0.016826923076923076 0.028846153846153848
0 0.734375 0.4495192307692308 0.02403846153846154 0.03125
0 0.7127403846153846 0.4519230769230769 0.019230769230769232 0.021634615384615384
0 0.5841346153846154 0.4543269230769231 0.038461538461538464 0.036057692307692304
0 0.7055288461538461 0.47596153846153844 0.03125 0.04326923076923077