0 0.6778846153846154 0.6213942307692307 0.04807692307692308 0.038461538461538464
0 0.7319711538461539 0.037259615384615384 0.021634615384615384 0.016826923076923076
0 0.9927884615384616 0.09735576923076923 0.009615384615384616 0.04567307692307692
0 0.8689903846153846 0.07692307692307693 0.026442307692307692 0.038461538461538464
0 0.8858173076923077 0.09254807692307693 0.026442307692307692 0.0625
0 0.8425480769230769 0.11538461538461539 0.016826923076923076 0.03365384615384615
0 0.984375 0.1622596153846154 0.021634615384615384 0.038461538461538464
0 0.9038461538461539 0.17548076923076922 0.02403846153846154 0.05048076923076923
0 0.8918269230769231 0.17427884615384615 0.016826923076923076 0.028846153846153848
0 0.9879807692307693 0.20192307692307693 0.019230769230769232 0.057692307692307696
0 0.8064903846153846 0.171875 0.04807692307692308 0.05048076923076923
0 0.8221153846153846 0.18389423076923078 0.021634615384615384 0.019230769230769232
0 0.84375 0.19951923076923078 0.019230769230769232 0.028846153846153848
0 0.9795673076923077 0.22235576923076922 0.02403846153846154 0.028846153846153848
0 0.8221153846153846 0.22355769230769232 0.03125 0.05048076923076923
0 0.9483173076923077 0.2512019230769231 0.036057692307692304 0.0673076923076923
0 0.9122596153846154 0.24879807692307693 0.03125 0.028846153846153848
0 0.7644230769230769 0.24759615384615385 0.03125 0.038461538461538464
0 0.8112980769230769 0.2644230769230769 0.03365384615384615 0.038461538461538464
0 0.8557692307692307 0.29447115384615385 0.016826923076923076 0.03125
0 0.7740384615384616 0.2980769230769231 0.038461538461538464 0.03365384615384615
0 0.8004807692307693 0.3112980769230769 0.021634615384615384 0.03365384615384615
0 0.9314903846153846 0.35216346153846156 0.038461538461538464 0.052884615384615384
0 0.7884615384615384 0.3329326923076923 0.021634615384615384 0.026442307692307692
0 0.8942307692307693 0.3581730769230769 0.03365384615384615 0.03365384615384615
0 0.8557692307692307 0.36177884615384615 0.038461538461538464 0.03125
0 0.8689903846153846 0.3762019230769231 0.021634615384615384 0.036057692307692304
0 0.8737980769230769 0.39302884615384615 0.028846153846153848 0.036057692307692304
0 0.8473557692307693 0.3942307692307692 0.02403846153846154 0.026442307692307692
0 0.6971153846153846 0.3858173076923077 0.04567307692307692 0.04567307692307692
0 0.8377403846153846 0.4206730769230769 0.040865384615384616 0.052884615384615384