0 0.9086538461538461 0.08533653846153846 0.019230769230769232 0.040865384615384616
0 0.7475961538461539 0.0829326923076923 0.03125 0.019230769230769232
0 0.7524038461538461 0.12620192307692307 0.03365384615384615 0.04567307692307692
0 0.5084134615384616 0.1814903846153846 0.03125 0.05048076923076923
0 0.46274038461538464 0.4206730769230769 0.014423076923076924 0.03365384615384615
0 0.28846153846153844 0.49399038461538464 0.019230769230769232 0.019230769230769232
0 0.34615384615384615 0.5240384615384616 0.014423076923076924 0.036057692307692304
0 0.37740384615384615 0.5600961538461539 0.036057692307692304 0.03365384615384615
0 0.4362980769230769 0.6213942307692307 0.014423076923076924 0.04567307692307692
0 0.38822115384615385 0.6802884615384616 0.03365384615384615 0.016826923076923076
0 0.23557692307692307 0.7848557692307693 0.016826923076923076 0.06009615384615385
0 0.28365384615384615 0.8798076923076923 0.02403846153846154 0.009615384615384616
0 0.3088942307692308 0.8834134615384616 0.02403846153846154 0.014423076923076924
0 0.38100961538461536 0.9002403846153846 0.019230769230769232 0.02403846153846154
0 0.3605769230769231 0.9050480769230769 0.036057692307692304 0.04326923076923077