0 0.49038461538461536 0.16346153846153846 0.028846153846153848 0.02403846153846154
0 0.7139423076923077 0.18509615384615385 0.021634615384615384 0.036057692307692304
0 0.5817307692307693 0.21634615384615385 0.028846153846153848 0.019230769230769232
0 0.59375 0.24879807692307693 0.03365384615384615 0.040865384615384616
0 0.40625 0.34615384615384615 0.03125 0.04567307692307692
0 0.4170673076923077 0.5516826923076923 0.016826923076923076 0.03125
0 0.28966346153846156 0.6466346153846154 0.019230769230769232 0.019230769230769232
0 0.34134615384615385 0.6610576923076923 0.014423076923076924 0.03125
0 0.3762019230769231 0.6814903846153846 0.03365384615384615 0.03365384615384615
0 0.43509615384615385 0.7223557692307693 0.016826923076923076 0.040865384615384616
0 0.40865384615384615 0.7800480769230769 0.03125 0.019230769230769232
0 0.30528846153846156 0.8966346153846154 0.021634615384615384 0.052884615384615384
0 0.3641826923076923 0.9639423076923077 0.021634615384615384 0.01201923076923077
0 0.3858173076923077 0.9627403846153846 0.021634615384615384 0.014423076923076924
0 0.4495192307692308 0.9615384615384616 0.019230769230769232 0.021634615384615384
0 0.4326923076923077 0.9699519230769231 0.036057692307692304 0.040865384615384616