0 0.5348557692307693 0.125 0.028846153846153848 0.021634615384615384
0 0.30649038461538464 0.171875 0.016826923076923076 0.036057692307692304
0 0.44471153846153844 0.18870192307692307 0.028846153846153848 0.016826923076923076
0 0.4375 0.22596153846153846 0.03125 0.040865384615384616
0 0.6418269230769231 0.30408653846153844 0.028846153846153848 0.04567307692307692
0 0.6514423076923077 0.5168269230769231 0.014423076923076924 0.03125
0 0.7944711538461539 0.6021634615384616 0.016826923076923076 0.019230769230769232
0 0.7415865384615384 0.6213942307692307 0.014423076923076924 0.03125
0 0.7091346153846154 0.6490384615384616 0.03125 0.03125
0 0.6502403846153846 0.6947115384615384 0.014423076923076924 0.040865384615384616
0 0.6850961538461539 0.7512019230769231 0.03125 0.016826923076923076
0 0.8052884615384616 0.8605769230769231 0.016826923076923076 0.052884615384615384
0 0.7512019230769231 0.9375 0.021634615384615384 0.009615384615384616
0 0.7295673076923077 0.9375 0.021634615384615384 0.01201923076923077
0 0.6634615384615384 0.9423076923076923 0.016826923076923076 0.021634615384615384
0 0.6814903846153846 0.9507211538461539 0.03365384615384615 0.038461538461538464