0 0.6177884615384616 0.4170673076923077 0.04326923076923077 0.038461538461538464
0 0.7211538461538461 0.4567307692307692 0.04567307692307692 0.052884615384615384
0 0.609375 0.45552884615384615 0.036057692307692304 0.026442307692307692
0 0.5384615384615384 0.46033653846153844 0.019230769230769232 0.05048076923076923
0 0.5576923076923077 0.5012019230769231 0.02403846153846154 0.03125
0 0.5733173076923077 0.5432692307692307 0.014423076923076924 0.04326923076923077
0 0.10096153846153846 0.47836538461538464 0.026442307692307692 0.05048076923076923
0 0.5721153846153846 0.5889423076923077 0.03365384615384615 0.028846153846153848
0 0.546875 0.6069711538461539 0.019230769230769232 0.026442307692307692
0 0.30528846153846156 0.6298076923076923 0.028846153846153848 0.021634615384615384
0 0.32572115384615385 0.6826923076923077 0.026442307692307692 0.038461538461538464
0 0.15865384615384615 0.6586538461538461 0.02403846153846154 0.019230769230769232
0 0.14543269230769232 0.6682692307692307 0.038461538461538464 0.04326923076923077
0 0.2247596153846154 0.7211538461538461 0.016826923076923076 0.03365384615384615
0 0.1814903846153846 0.7271634615384616 0.02403846153846154 0.026442307692307692
0 0.109375 0.7223557692307693 0.021634615384615384 0.0625
0 0.20432692307692307 0.7512019230769231 0.02403846153846154 0.019230769230769232
0 0.33533653846153844 0.7776442307692307 0.026442307692307692 0.02403846153846154
0 0.15745192307692307 0.7620192307692307 0.019230769230769232 0.026442307692307692
0 0.21514423076923078 0.7824519230769231 0.021634615384615384 0.021634615384615384
0 0.29927884615384615 0.8173076923076923 0.021634615384615384 0.04567307692307692
0 0.41346153846153844 0.8882211538461539 0.021634615384615384 0.055288461538461536
0 0.18389423076923078 0.8605769230769231 0.016826923076923076 0.014423076923076924
0 0.38822115384615385 0.9098557692307693 0.021634615384615384 0.03125