0 0.38461538461538464 0.46274038461538464 0.038461538461538464 0.036057692307692304
0 0.296875 0.5048076923076923 0.04326923076923077 0.04807692307692308
0 0.3954326923076923 0.49759615384615385 0.03365384615384615 0.02403846153846154
0 0.4567307692307692 0.49759615384615385 0.021634615384615384 0.04326923076923077
0 0.4423076923076923 0.5336538461538461 0.021634615384615384 0.026442307692307692
0 0.4326923076923077 0.5709134615384616 0.016826923076923076 0.036057692307692304
0 0.8413461538461539 0.4855769230769231 0.026442307692307692 0.04567307692307692
0 0.4362980769230769 0.6105769230769231 0.03125 0.026442307692307692
0 0.4579326923076923 0.6262019230769231 0.016826923076923076 0.02403846153846154
0 0.671875 0.6322115384615384 0.02403846153846154 0.019230769230769232
0 0.6574519230769231 0.6778846153846154 0.02403846153846154 0.03365384615384615
0 0.8016826923076923 0.6466346153846154 0.021634615384615384 0.016826923076923076
0 0.8137019230769231 0.6538461538461539 0.036057692307692304 0.038461538461538464
0 0.7463942307692307 0.7043269230769231 0.014423076923076924 0.028846153846153848
0 0.7848557692307693 0.7079326923076923 0.021634615384615384 0.02403846153846154
0 0.8485576923076923 0.6995192307692307 0.021634615384615384 0.055288461538461536
0 0.7668269230769231 0.7307692307692307 0.021634615384615384 0.016826923076923076
0 0.6538461538461539 0.7608173076923077 0.02403846153846154 0.021634615384615384
0 0.8088942307692307 0.7367788461538461 0.019230769230769232 0.02403846153846154
0 0.7596153846153846 0.7584134615384616 0.019230769230769232 0.019230769230769232
0 0.6887019230769231 0.7932692307692307 0.021634615384615384 0.038461538461538464
0 0.5925480769230769 0.8629807692307693 0.021634615384615384 0.04807692307692308
0 0.7908653846153846 0.8233173076923077 0.014423076923076924 0.01201923076923077
0 0.6153846153846154 0.8798076923076923 0.021634615384615384 0.026442307692307692
0 0.8942307692307693 0.9098557692307693 0.036057692307692304 0.021634615384615384