0 0.40625 0.4423076923076923 0.038461538461538464 0.03125
0 0.30528846153846156 0.4519230769230769 0.038461538461538464 0.04807692307692308
0 0.40384615384615385 0.4795673076923077 0.03365384615384615 0.021634615384615384
0 0.4651442307692308 0.5012019230769231 0.014423076923076924 0.04326923076923077
0 0.4387019230769231 0.5324519230769231 0.021634615384615384 0.026442307692307692
0 0.41466346153846156 0.5661057692307693 0.01201923076923077 0.038461538461538464
0 0.8473557692307693 0.6274038461538461 0.019230769230769232 0.04567307692307692
0 0.4026442307692308 0.6045673076923077 0.028846153846153848 0.02403846153846154
0 0.41947115384615385 0.6286057692307693 0.016826923076923076 0.02403846153846154
0 0.6274038461538461 0.7103365384615384 0.02403846153846154 0.019230769230769232
0 0.5961538461538461 0.75 0.021634615384615384 0.03365384615384615
0 0.75 0.7716346153846154 0.021634615384615384 0.014423076923076924
0 0.7596153846153846 0.7824519230769231 0.03365384615384615 0.038461538461538464
0 0.6754807692307693 0.8100961538461539 0.01201923076923077 0.028846153846153848
0 0.7127403846153846 0.8257211538461539 0.019230769230769232 0.02403846153846154
0 0.7776442307692307 0.8401442307692307 0.016826923076923076 0.057692307692307696
0 0.6862980769230769 0.8425480769230769 0.021634615384615384 0.016826923076923076
0 0.5649038461538461 0.8305288461538461 0.02403846153846154 0.021634615384615384
0 0.7259615384615384 0.8617788461538461 0.016826923076923076 0.02403846153846154
0 0.6694711538461539 0.8653846153846154 0.019230769230769232 0.019230769230769232
0 0.5865384615384616 0.875 0.016826923076923076 0.040865384615384616
0 0.4675480769230769 0.9086538461538461 0.016826923076923076 0.05048076923076923
0 0.6754807692307693 0.9411057692307693 0.014423076923076924 0.01201923076923077
0 0.484375 0.9350961538461539 0.019230769230769232 0.026442307692307692