0 0.49759615384615385 0.3425480769230769 0.02403846153846154 0.026442307692307692
0 0.5144230769230769 0.35096153846153844 0.01201923076923077 0.021634615384615384
0 0.7331730769230769 0.3161057692307692 0.021634615384615384 0.014423076923076924
0 0.59375 0.36538461538461536 0.021634615384615384 0.026442307692307692
0 0.7067307692307693 0.4723557692307692 0.019230769230769232 0.02403846153846154
0 0.7572115384615384 0.5324519230769231 0.014423076923076924 0.016826923076923076
0 0.7692307692307693 0.5408653846153846 0.007211538461538462 0.01201923076923077
0 0.8004807692307693 0.5769230769230769 0.014423076923076924 0.019230769230769232
0 0.8173076923076923 0.6045673076923077 0.007211538461538462 0.01201923076923077
0 0.8365384615384616 0.6370192307692307 0.01201923076923077 0.019230769230769232
0 0.9471153846153846 0.8269230769230769 0.02403846153846154 0.02403846153846154
0 0.8269230769230769 0.9266826923076923 0.009615384615384616 0.028846153846153848