0 0.6634615384615384 0.37259615384615385 0.02403846153846154 0.026442307692307692
0 0.6742788461538461 0.3870192307692308 0.01201923076923077 0.021634615384615384
0 0.8762019230769231 0.453125 0.021634615384615384 0.014423076923076924
0 0.7355769230769231 0.43509615384615385 0.021634615384615384 0.026442307692307692
0 0.7860576923076923 0.5745192307692307 0.019230769230769232 0.02403846153846154
0 0.8028846153846154 0.6478365384615384 0.014423076923076924 0.016826923076923076
0 0.8088942307692307 0.6610576923076923 0.009615384615384616 0.01201923076923077
0 0.8209134615384616 0.7055288461538461 0.014423076923076924 0.019230769230769232
0 0.8221153846153846 0.7355769230769231 0.007211538461538462 0.01201923076923077
0 0.8245192307692307 0.7740384615384616 0.01201923076923077 0.019230769230769232
0 0.8365384615384616 0.9819711538461539 0.02403846153846154 0.02403846153846154