0 0.46875 0.3137019230769231 0.019230769230769232 0.02403846153846154
0 0.453125 0.3245192307692308 0.009615384615384616 0.019230769230769232
0 0.24519230769230768 0.3137019230769231 0.019230769230769232 0.01201923076923077
0 0.38100961538461536 0.34615384615384615 0.016826923076923076 0.02403846153846154
0 0.2860576923076923 0.4567307692307692 0.016826923076923076 0.021634615384615384
0 0.2439903846153846 0.5192307692307693 0.014423076923076924 0.014423076923076924
0 0.23317307692307693 0.5288461538461539 0.007211538461538462 0.01201923076923077
0 0.20793269230769232 0.5649038461538461 0.01201923076923077 0.016826923076923076
0 0.19591346153846154 0.5925480769230769 0.004807692307692308 0.01201923076923077
0 0.18028846153846154 0.625 0.009615384615384616 0.016826923076923076
0 0.09615384615384616 0.8125 0.021634615384615384 0.021634615384615384
0 0.21754807692307693 0.8942307692307693 0.007211538461538462 0.026442307692307692