0 0.7668269230769231 0.08653846153846154 0.007211538461538462 0.014423076923076924
0 0.7475961538461539 0.10576923076923077 0.01201923076923077 0.014423076923076924
0 0.7403846153846154 0.10697115384615384 0.004807692307692308 0.004807692307692308
0 0.7331730769230769 0.12620192307692307 0.007211538461538462 0.009615384615384616
0 0.6658653846153846 0.1935096153846154 0.01201923076923077 0.01201923076923077
0 0.7103365384615384 0.25600961538461536 0.009615384615384616 0.01201923076923077
0 0.6862980769230769 0.32091346153846156 0.01201923076923077 0.009615384615384616
0 0.7127403846153846 0.43509615384615385 0.009615384615384616 0.016826923076923076
0 0.6959134615384616 0.47115384615384615 0.009615384615384616 0.019230769230769232
0 0.43028846153846156 0.43149038461538464 0.014423076923076924 0.014423076923076924
0 0.40384615384615385 0.4387019230769231 0.016826923076923076 0.01201923076923077
0 0.7199519230769231 0.5024038461538461 0.009615384615384616 0.007211538461538462
0 0.4254807692307692 0.45552884615384615 0.01201923076923077 0.007211538461538462
0 0.7115384615384616 0.5144230769230769 0.007211538461538462 0.007211538461538462
0 0.40024038461538464 0.45913461538461536 0.007211538461538462 0.004807692307692308
0 0.4230769230769231 0.4639423076923077 0.007211538461538462 0.004807692307692308
0 0.44350961538461536 0.4723557692307692 0.016826923076923076 0.014423076923076924
0 0.43028846153846156 0.4723557692307692 0.007211538461538462 0.004807692307692308
0 0.4026442307692308 0.46634615384615385 0.01201923076923077 0.007211538461538462
0 0.4206730769230769 0.4723557692307692 0.009615384615384616 0.01201923076923077
0 0.38221153846153844 0.4735576923076923 0.01201923076923077 0.016826923076923076
0 0.7379807692307693 0.5889423076923077 0.009615384615384616 0.016826923076923076
0 0.7860576923076923 0.6033653846153846 0.009615384615384616 0.014423076923076924
0 0.7728365384615384 0.6177884615384616 0.01201923076923077 0.016826923076923076
0 0.78125 0.6225961538461539 0.004807692307692308 0.01201923076923077
0 0.75 0.625 0.009615384615384616 0.009615384615384616
0 0.7836538461538461 0.6454326923076923 0.007211538461538462 0.014423076923076924
0 0.7463942307692307 0.6850961538461539 0.004807692307692308 0.009615384615384616
0 0.7415865384615384 0.6850961538461539 0.007211538461538462 0.009615384615384616
0 0.6502403846153846 0.6730769230769231 0.009615384615384616 0.009615384615384616
0 0.7283653846153846 0.7019230769230769 0.014423076923076924 0.014423076923076924
0 0.7608173076923077 0.7103365384615384 0.009615384615384616 0.01201923076923077
0 0.7740384615384616 0.7247596153846154 0.014423076923076924 0.009615384615384616
0 0.4014423076923077 0.7908653846153846 0.004807692307692308 0.01201923076923077
0 0.3918269230769231 0.796875 0.004807692307692308 0.009615384615384616
0 0.4014423076923077 0.8088942307692307 0.004807692307692308 0.01201923076923077