0 0.7632211538461539 0.0625 0.007211538461538462 0.016826923076923076
0 0.7439903846153846 0.0829326923076923 0.014423076923076924 0.016826923076923076
0 0.7367788461538461 0.08413461538461539 0.004807692307692308 0.004807692307692308
0 0.7283653846153846 0.10576923076923077 0.007211538461538462 0.009615384615384616
0 0.6574519230769231 0.17668269230769232 0.01201923076923077 0.01201923076923077
0 0.7043269230769231 0.24278846153846154 0.01201923076923077 0.01201923076923077
0 0.6778846153846154 0.3125 0.014423076923076924 0.009615384615384616
0 0.7067307692307693 0.43509615384615385 0.01201923076923077 0.019230769230769232
0 0.6887019230769231 0.4735576923076923 0.01201923076923077 0.021634615384615384
0 0.40384615384615385 0.43149038461538464 0.014423076923076924 0.014423076923076924
0 0.37740384615384615 0.4387019230769231 0.016826923076923076 0.01201923076923077
0 0.7139423076923077 0.5060096153846154 0.009615384615384616 0.007211538461538462
0 0.39903846153846156 0.4567307692307692 0.01201923076923077 0.007211538461538462
0 0.7055288461538461 0.5204326923076923 0.007211538461538462 0.007211538461538462
0 0.37259615384615385 0.46033653846153844 0.007211538461538462 0.004807692307692308
0 0.39783653846153844 0.46634615384615385 0.007211538461538462 0.007211538461538462
0 0.41947115384615385 0.47475961538461536 0.016826923076923076 0.014423076923076924
0 0.4050480769230769 0.4735576923076923 0.007211538461538462 0.007211538461538462
0 0.3762019230769231 0.46875 0.01201923076923077 0.009615384615384616
0 0.3942307692307692 0.47475961538461536 0.009615384615384616 0.014423076923076924
0 0.35336538461538464 0.47596153846153844 0.01201923076923077 0.016826923076923076
0 0.7331730769230769 0.5985576923076923 0.009615384615384616 0.019230769230769232
0 0.7848557692307693 0.6141826923076923 0.009615384615384616 0.016826923076923076
0 0.7728365384615384 0.6298076923076923 0.01201923076923077 0.019230769230769232
0 0.7800480769230769 0.6358173076923077 0.004807692307692308 0.01201923076923077
0 0.7475961538461539 0.6382211538461539 0.01201923076923077 0.009615384615384616
0 0.7824519230769231 0.6598557692307693 0.009615384615384616 0.016826923076923076
0 0.7427884615384616 0.7019230769230769 0.004807692307692308 0.009615384615384616
0 0.7367788461538461 0.703125 0.007211538461538462 0.009615384615384616
0 0.640625 0.6899038461538461 0.01201923076923077 0.009615384615384616
0 0.7235576923076923 0.7211538461538461 0.014423076923076924 0.014423076923076924
0 0.7584134615384616 0.7283653846153846 0.009615384615384616 0.01201923076923077
0 0.7716346153846154 0.7439903846153846 0.016826923076923076 0.01201923076923077
0 0.3737980769230769 0.8149038461538461 0.004807692307692308 0.01201923076923077
0 0.3641826923076923 0.8209134615384616 0.004807692307692308 0.009615384615384616
0 0.375 0.8341346153846154 0.004807692307692308 0.01201923076923077