0 0.84375 0.06009615384615385 0.004807692307692308 0.014423076923076924
0 0.828125 0.08173076923076923 0.01201923076923077 0.014423076923076924
0 0.8209134615384616 0.08413461538461539 0.004807692307692308 0.004807692307692308
0 0.8161057692307693 0.10576923076923077 0.004807692307692308 0.009615384615384616
0 0.7572115384615384 0.17908653846153846 0.009615384615384616 0.009615384615384616
0 0.8088942307692307 0.23677884615384615 0.009615384615384616 0.01201923076923077
0 0.7932692307692307 0.3076923076923077 0.01201923076923077 0.009615384615384616
0 0.8329326923076923 0.41947115384615385 0.009615384615384616 0.016826923076923076
0 0.8209134615384616 0.4579326923076923 0.009615384615384616 0.019230769230769232
0 0.546875 0.45072115384615385 0.01201923076923077 0.01201923076923077
0 0.5216346153846154 0.46033653846153844 0.014423076923076924 0.009615384615384616
0 0.8497596153846154 0.4855769230769231 0.009615384615384616 0.004807692307692308
0 0.5444711538461539 0.47716346153846156 0.01201923076923077 0.007211538461538462
0 0.8425480769230769 0.5 0.007211538461538462 0.007211538461538462
0 0.5204326923076923 0.48197115384615385 0.007211538461538462 0.002403846153846154
0 0.5444711538461539 0.4855769230769231 0.007211538461538462 0.004807692307692308
0 0.5649038461538461 0.49038461538461536 0.014423076923076924 0.01201923076923077
0 0.5528846153846154 0.49158653846153844 0.007211538461538462 0.004807692307692308
0 0.5240384615384616 0.4891826923076923 0.01201923076923077 0.007211538461538462
0 0.5420673076923077 0.49278846153846156 0.009615384615384616 0.01201923076923077
0 0.5036057692307693 0.4987980769230769 0.009615384615384616 0.014423076923076924
0 0.8786057692307693 0.5721153846153846 0.007211538461538462 0.019230769230769232
0 0.9290865384615384 0.5805288461538461 0.007211538461538462 0.016826923076923076
0 0.9182692307692307 0.5961538461538461 0.009615384615384616 0.016826923076923076
0 0.9266826923076923 0.6009615384615384 0.004807692307692308 0.01201923076923077
0 0.8966346153846154 0.6069711538461539 0.009615384615384616 0.009615384615384616
0 0.9326923076923077 0.6237980769230769 0.004807692307692308 0.016826923076923076
0 0.8990384615384616 0.6682692307692307 0.002403846153846154 0.009615384615384616
0 0.8942307692307693 0.6682692307692307 0.007211538461538462 0.009615384615384616
0 0.8004807692307693 0.6682692307692307 0.009615384615384616 0.009615384615384616
0 0.8834134615384616 0.6887019230769231 0.014423076923076924 0.01201923076923077
0 0.9170673076923077 0.6923076923076923 0.007211538461538462 0.01201923076923077
0 0.9314903846153846 0.7043269230769231 0.014423076923076924 0.009615384615384616
0 0.5625 0.8185096153846154 0.004807692307692308 0.01201923076923077
0 0.5528846153846154 0.8257211538461539 0.004807692307692308 0.009615384615384616
0 0.5649038461538461 0.8365384615384616 0.002403846153846154 0.01201923076923077