0 0.7548076923076923 0.7355769230769231 0.01201923076923077 0.009615384615384616
0 0.7439903846153846 0.7704326923076923 0.02403846153846154 0.019230769230769232
0 0.7860576923076923 0.8040865384615384 0.01201923076923077 0.02403846153846154
0 0.6875 0.8137019230769231 0.021634615384615384 0.019230769230769232
0 0.6598557692307693 0.8521634615384616 0.014423076923076924 0.014423076923076924
0 0.765625 0.8713942307692307 0.009615384615384616 0.014423076923076924
0 0.7163461538461539 0.9086538461538461 0.01201923076923077 0.02403846153846154
0 0.7692307692307693 0.9230769230769231 0.01201923076923077 0.019230769230769232
0 0.78125 0.9338942307692307 0.014423076923076924 0.02403846153846154
0 0.7644230769230769 0.9579326923076923 0.009615384615384616 0.026442307692307692
0 0.9735576923076923 0.09735576923076923 0.019230769230769232 0.019230769230769232