0 0.7439903846153846 0.8064903846153846 0.01201923076923077 0.009615384615384616
0 0.84375 0.025240384615384616 0.026442307692307692 0.019230769230769232
0 0.7367788461538461 0.84375 0.021634615384615384 0.016826923076923076
0 0.7824519230769231 0.8737980769230769 0.009615384615384616 0.02403846153846154
0 0.6862980769230769 0.8954326923076923 0.019230769230769232 0.016826923076923076
0 0.6622596153846154 0.9362980769230769 0.01201923076923077 0.014423076923076924
0 0.7716346153846154 0.9423076923076923 0.007211538461538462 0.014423076923076924
0 0.7259615384615384 0.9855769230769231 0.009615384615384616 0.02403846153846154
0 0.7824519230769231 0.9915865384615384 0.01201923076923077 0.01201923076923077
0 0.7944711538461539 0.9939903846153846 0.01201923076923077 0.007211538461538462
0 0.8846153846153846 0.13701923076923078 0.016826923076923076 0.016826923076923076
0 0.9026442307692307 0.025240384615384616 0.01201923076923077 0.009615384615384616