0 0.7271634615384616 0.6706730769230769 0.009615384615384616 0.007211538461538462
0 0.7199519230769231 0.703125 0.019230769230769232 0.016826923076923076
0 0.7596153846153846 0.7307692307692307 0.009615384615384616 0.019230769230769232
0 0.6742788461538461 0.7451923076923077 0.019230769230769232 0.016826923076923076
0 0.6526442307692307 0.78125 0.01201923076923077 0.01201923076923077
0 0.7475961538461539 0.7908653846153846 0.007211538461538462 0.014423076923076924
0 0.7067307692307693 0.8269230769230769 0.007211538461538462 0.021634615384615384
0 0.7536057692307693 0.8353365384615384 0.009615384615384616 0.014423076923076924
0 0.7668269230769231 0.84375 0.009615384615384616 0.019230769230769232
0 0.7536057692307693 0.8677884615384616 0.007211538461538462 0.021634615384615384
0 0.8713942307692307 0.09134615384615384 0.016826923076923076 0.016826923076923076