0 0.28725961538461536 0.5612980769230769 0.036057692307692304 0.028846153846153848
0 0.17548076923076922 0.6574519230769231 0.01201923076923077 0.009615384615384616
0 0.17908653846153846 0.671875 0.014423076923076924 0.009615384615384616
0 0.15384615384615385 0.7307692307692307 0.038461538461538464 0.02403846153846154
0 0.11778846153846154 0.7704326923076923 0.014423076923076924 0.036057692307692304
0 0.2704326923076923 0.7944711538461539 0.03125 0.021634615384615384
0 0.3401442307692308 0.7872596153846154 0.019230769230769232 0.026442307692307692
0 0.36177884615384615 0.7932692307692307 0.038461538461538464 0.02403846153846154
0 0.11538461538461539 0.8365384615384616 0.014423076923076924 0.019230769230769232
0 0.2512019230769231 0.8653846153846154 0.03365384615384615 0.04807692307692308
0 0.140625 0.31971153846153844 0.021634615384615384 0.038461538461538464
0 0.15264423076923078 0.3545673076923077 0.016826923076923076 0.036057692307692304