0 0.27403846153846156 0.018028846153846152 0.007211538461538462 0.004807692307692308
0 0.25841346153846156 0.027644230769230768 0.016826923076923076 0.014423076923076924
0 0.16826923076923078 0.07211538461538461 0.014423076923076924 0.009615384615384616
0 0.2439903846153846 0.09014423076923077 0.01201923076923077 0.01201923076923077
0 0.2283653846153846 0.0985576923076923 0.01201923076923077 0.01201923076923077
0 0.1935096153846154 0.11538461538461539 0.016826923076923076 0.01201923076923077
0 0.11778846153846154 0.20072115384615385 0.009615384615384616 0.014423076923076924
0 0.10576923076923077 0.21153846153846154 0.004807692307692308 0.007211538461538462
0 0.09615384615384616 0.21634615384615385 0.016826923076923076 0.014423076923076924
0 0.07211538461538461 0.23677884615384615 0.01201923076923077 0.01201923076923077
0 0.1141826923076923 0.24879807692307693 0.009615384615384616 0.01201923076923077
0 0.0625 0.2536057692307692 0.016826923076923076 0.009615384615384616