0 0.27884615384615385 0.037259615384615384 0.007211538461538462 0.004807692307692308
0 0.2644230769230769 0.04567307692307692 0.014423076923076924 0.014423076923076924
0 0.1778846153846154 0.08173076923076923 0.01201923076923077 0.007211538461538462
0 0.24759615384615385 0.10216346153846154 0.01201923076923077 0.01201923076923077
0 0.23317307692307693 0.11057692307692307 0.01201923076923077 0.009615384615384616
0 0.19951923076923078 0.12620192307692307 0.016826923076923076 0.01201923076923077
0 0.125 0.20072115384615385 0.007211538461538462 0.014423076923076924
0 0.11177884615384616 0.21153846153846154 0.004807692307692308 0.007211538461538462
0 0.10216346153846154 0.21394230769230768 0.014423076923076924 0.01201923076923077
0 0.08052884615384616 0.23317307692307693 0.009615384615384616 0.009615384615384616
0 0.11899038461538461 0.24639423076923078 0.009615384615384616 0.01201923076923077
0 0.07091346153846154 0.24879807692307693 0.016826923076923076 0.009615384615384616