0 0.875 0.7067307692307693 0.014423076923076924 0.03125
0 0.8533653846153846 0.7355769230769231 0.02403846153846154 0.02403846153846154
0 0.8112980769230769 0.765625 0.021634615384615384 0.016826923076923076
0 0.7848557692307693 0.7728365384615384 0.014423076923076924 0.02403846153846154
0 0.7680288461538461 0.7836538461538461 0.016826923076923076 0.036057692307692304
0 0.8713942307692307 0.8701923076923077 0.028846153846153848 0.040865384615384616
0 0.38221153846153844 0.039663461538461536 0.028846153846153848 0.040865384615384616
0 0.9122596153846154 0.9807692307692307 0.036057692307692304 0.03125
0 0.46875 0.06850961538461539 0.016826923076923076 0.036057692307692304
0 0.5540865384615384 0.9951923076923077 0.036057692307692304 0.004807692307692308
0 0.27524038461538464 0.06129807692307692 0.016826923076923076 0.014423076923076924
0 0.2247596153846154 0.09615384615384616 0.016826923076923076 0.04807692307692308
0 0.5877403846153846 0.24158653846153846 0.028846153846153848 0.03365384615384615
0 0.6189903846153846 0.3004807692307692 0.040865384615384616 0.038461538461538464
0 0.1502403846153846 0.3173076923076923 0.040865384615384616 0.0625