0 0.04927884615384615 0.5925480769230769 0.01201923076923077 0.028846153846153848
0 0.0673076923076923 0.6237980769230769 0.021634615384615384 0.021634615384615384
0 0.10576923076923077 0.6574519230769231 0.019230769230769232 0.014423076923076924
0 0.13221153846153846 0.6670673076923077 0.01201923076923077 0.02403846153846154
0 0.1466346153846154 0.6814903846153846 0.014423076923076924 0.03365384615384615
0 0.036057692307692304 0.7560096153846154 0.02403846153846154 0.038461538461538464
0 0.5204326923076923 0.010817307692307692 0.016826923076923076 0.021634615384615384
0 0.33653846153846156 0.9254807692307693 0.03125 0.021634615384615384
0 0.7127403846153846 0.013221153846153846 0.014423076923076924 0.01201923076923077
0 0.7596153846153846 0.052884615384615384 0.014423076923076924 0.04807692307692308
0 0.38341346153846156 0.15985576923076922 0.026442307692307692 0.03365384615384615
0 0.3449519230769231 0.21634615384615385 0.036057692307692304 0.036057692307692304
0 0.8100961538461539 0.2800480769230769 0.03365384615384615 0.06009615384615385