0 0.9242788461538461 0.7043269230769231 0.01201923076923077 0.03365384615384615
0 0.9050480769230769 0.7391826923076923 0.02403846153846154 0.02403846153846154
0 0.8629807692307693 0.7776442307692307 0.021634615384615384 0.016826923076923076
0 0.8353365384615384 0.7884615384615384 0.01201923076923077 0.026442307692307692
0 0.8185096153846154 0.8016826923076923 0.014423076923076924 0.038461538461538464
0 0.9423076923076923 0.8834134615384616 0.026442307692307692 0.040865384615384616
0 0.2980769230769231 0.04567307692307692 0.028846153846153848 0.04326923076923077
0 0.39783653846153844 0.06610576923076923 0.014423076923076924 0.038461538461538464
0 0.18629807692307693 0.0829326923076923 0.016826923076923076 0.014423076923076924
0 0.13581730769230768 0.12620192307692307 0.014423076923076924 0.052884615384615384
0 0.5504807692307693 0.23677884615384615 0.028846153846153848 0.036057692307692304
0 0.5913461538461539 0.2980769230769231 0.040865384615384616 0.038461538461538464
0 0.08413461538461539 0.37740384615384615 0.036057692307692304 0.06490384615384616