0 0.12860576923076922 0.41346153846153844 0.016826923076923076 0.009615384615384616
0 0.6225961538461539 0.7043269230769231 0.014423076923076924 0.036057692307692304
0 0.6778846153846154 0.7295673076923077 0.016826923076923076 0.009615384615384616
0 0.7584134615384616 0.734375 0.016826923076923076 0.02403846153846154
0 0.6322115384615384 0.7572115384615384 0.007211538461538462 0.019230769230769232
0 0.6177884615384616 0.7644230769230769 0.01201923076923077 0.014423076923076924
0 0.7007211538461539 0.7608173076923077 0.01201923076923077 0.009615384615384616
0 0.625 0.7716346153846154 0.007211538461538462 0.007211538461538462
0 0.7379807692307693 0.7692307692307693 0.004807692307692308 0.009615384615384616
0 0.7295673076923077 0.7716346153846154 0.01201923076923077 0.028846153846153848
0 0.6322115384615384 0.7848557692307693 0.01201923076923077 0.021634615384615384
0 0.7139423076923077 0.7752403846153846 0.009615384615384616 0.02403846153846154
0 0.6466346153846154 0.7848557692307693 0.014423076923076924 0.028846153846153848
0 0.7487980769230769 0.7824519230769231 0.014423076923076924 0.014423076923076924
0 0.7788461538461539 0.7884615384615384 0.014423076923076924 0.03125
0 0.7536057692307693 0.8064903846153846 0.014423076923076924 0.02403846153846154
0 0.7271634615384616 0.8221153846153846 0.01201923076923077 0.03125
0 0.5997596153846154 0.8449519230769231 0.019230769230769232 0.03125
0 0.765625 0.8353365384615384 0.007211538461538462 0.009615384615384616
0 0.7596153846153846 0.8413461538461539 0.014423076923076924 0.028846153846153848
0 0.6887019230769231 0.8581730769230769 0.01201923076923077 0.03125
0 0.8016826923076923 0.8449519230769231 0.009615384615384616 0.016826923076923076
0 0.7788461538461539 0.9362980769230769 0.01201923076923077 0.019230769230769232
0 0.8533653846153846 0.9567307692307693 0.03125 0.009615384615384616