0 0.12620192307692307 0.41586538461538464 0.016826923076923076 0.009615384615384616
0 0.6045673076923077 0.6646634615384616 0.014423076923076924 0.03365384615384615
0 0.6586538461538461 0.6850961538461539 0.016826923076923076 0.009615384615384616
0 0.734375 0.6875 0.016826923076923076 0.02403846153846154
0 0.6165865384615384 0.7151442307692307 0.007211538461538462 0.016826923076923076
0 0.6009615384615384 0.7211538461538461 0.009615384615384616 0.014423076923076924
0 0.6790865384615384 0.7151442307692307 0.01201923076923077 0.009615384615384616
0 0.609375 0.7283653846153846 0.007211538461538462 0.007211538461538462
0 0.7163461538461539 0.7211538461538461 0.004807692307692308 0.007211538461538462
0 0.7079326923076923 0.7235576923076923 0.01201923076923077 0.028846153846153848
0 0.6165865384615384 0.7403846153846154 0.01201923076923077 0.021634615384615384
0 0.6935096153846154 0.7283653846153846 0.009615384615384616 0.02403846153846154
0 0.6298076923076923 0.7391826923076923 0.014423076923076924 0.028846153846153848
0 0.7259615384615384 0.7319711538461539 0.014423076923076924 0.014423076923076924
0 0.7548076923076923 0.7355769230769231 0.014423076923076924 0.03125
0 0.7319711538461539 0.7560096153846154 0.014423076923076924 0.02403846153846154
0 0.7079326923076923 0.7704326923076923 0.014423076923076924 0.03125
0 0.5901442307692307 0.7992788461538461 0.019230769230769232 0.03125
0 0.7463942307692307 0.7824519230769231 0.007211538461538462 0.009615384615384616
0 0.7403846153846154 0.7872596153846154 0.016826923076923076 0.028846153846153848
0 0.6730769230769231 0.8064903846153846 0.01201923076923077 0.028846153846153848
0 0.7800480769230769 0.7884615384615384 0.009615384615384616 0.014423076923076924
0 0.7632211538461539 0.8762019230769231 0.01201923076923077 0.019230769230769232
0 0.8353365384615384 0.9002403846153846 0.03125 0.026442307692307692