0 0.08533653846153846 0.4170673076923077 0.019230769230769232 0.01201923076923077
0 0.5997596153846154 0.6502403846153846 0.016826923076923076 0.036057692307692304
0 0.6574519230769231 0.6706730769230769 0.016826923076923076 0.01201923076923077
0 0.7379807692307693 0.6670673076923077 0.019230769230769232 0.026442307692307692
0 0.6153846153846154 0.703125 0.009615384615384616 0.019230769230769232
0 0.5997596153846154 0.7103365384615384 0.01201923076923077 0.014423076923076924
0 0.6826923076923077 0.6995192307692307 0.014423076923076924 0.01201923076923077
0 0.609375 0.7175480769230769 0.007211538461538462 0.007211538461538462
0 0.7211538461538461 0.703125 0.004807692307692308 0.009615384615384616
0 0.7127403846153846 0.7067307692307693 0.014423076923076924 0.028846153846153848
0 0.6165865384615384 0.7295673076923077 0.014423076923076924 0.021634615384615384
0 0.6971153846153846 0.7127403846153846 0.01201923076923077 0.02403846153846154
0 0.6310096153846154 0.7271634615384616 0.016826923076923076 0.028846153846153848
0 0.7319711538461539 0.7151442307692307 0.014423076923076924 0.014423076923076924
0 0.7620192307692307 0.7175480769230769 0.016826923076923076 0.03365384615384615
0 0.7391826923076923 0.7379807692307693 0.016826923076923076 0.02403846153846154
0 0.7151442307692307 0.7560096153846154 0.016826923076923076 0.03125
0 0.5925480769230769 0.7920673076923077 0.021634615384615384 0.03365384615384615
0 0.7548076923076923 0.765625 0.007211538461538462 0.009615384615384616
0 0.75 0.7716346153846154 0.016826923076923076 0.028846153846153848
0 0.6814903846153846 0.7944711538461539 0.014423076923076924 0.03125
0 0.7908653846153846 0.7704326923076923 0.01201923076923077 0.016826923076923076
0 0.7788461538461539 0.8641826923076923 0.014423076923076924 0.021634615384615384
0 0.8545673076923077 0.8846153846153846 0.03365384615384615 0.028846153846153848