0 0.84375 0.16466346153846154 0.019230769230769232 0.036057692307692304
0 0.8569711538461539 0.22596153846153846 0.02403846153846154 0.04326923076923077
0 0.9182692307692307 0.25961538461538464 0.02403846153846154 0.028846153846153848
0 0.9326923076923077 0.3269230769230769 0.019230769230769232 0.040865384615384616
0 0.8725961538461539 0.37259615384615385 0.019230769230769232 0.028846153846153848
0 0.5685096153846154 0.4567307692307692 0.02403846153846154 0.03125
0 0.6971153846153846 0.4651442307692308 0.028846153846153848 0.026442307692307692
0 0.9375 0.4254807692307692 0.026442307692307692 0.04567307692307692
0 0.8112980769230769 0.4675480769230769 0.016826923076923076 0.028846153846153848
0 0.9879807692307693 0.4651442307692308 0.019230769230769232 0.026442307692307692
0 0.7884615384615384 0.5192307692307693 0.03125 0.02403846153846154
0 0.7007211538461539 0.546875 0.028846153846153848 0.028846153846153848
0 0.7247596153846154 0.5685096153846154 0.028846153846153848 0.02403846153846154
0 0.46274038461538464 0.6382211538461539 0.038461538461538464 0.03125
0 0.5420673076923077 0.6694711538461539 0.02403846153846154 0.04326923076923077
0 0.484375 0.6838942307692307 0.019230769230769232 0.036057692307692304
0 0.5721153846153846 0.6887019230769231 0.03125 0.026442307692307692
0 0.5444711538461539 0.7199519230769231 0.028846153846153848 0.02403846153846154
0 0.6189903846153846 0.7139423076923077 0.019230769230769232 0.03365384615384615
0 0.5612980769230769 0.7752403846153846 0.02403846153846154 0.019230769230769232
0 0.9915865384615384 0.6911057692307693 0.01201923076923077 0.036057692307692304
0 0.5396634615384616 0.859375 0.038461538461538464 0.04567307692307692
0 0.6887019230769231 0.84375 0.02403846153846154 0.026442307692307692
0 0.5348557692307693 0.8990384615384616 0.019230769230769232 0.036057692307692304
0 0.6887019230769231 0.9050480769230769 0.019230769230769232 0.036057692307692304
0 0.5408653846153846 0.9567307692307693 0.021634615384615384 0.04567307692307692
0 0.47115384615384615 0.9927884615384616 0.02403846153846154 0.009615384615384616
0 0.5288461538461539 0.9951923076923077 0.028846153846153848 0.004807692307692308