0 0.11658653846153846 0.20432692307692307 0.016826923076923076 0.038461538461538464
0 0.109375 0.27163461538461536 0.021634615384615384 0.04567307692307692
0 0.046875 0.31009615384615385 0.02403846153846154 0.03125
0 0.039663461538461536 0.38221153846153844 0.016826923076923076 0.04326923076923077
0 0.10576923076923077 0.42427884615384615 0.016826923076923076 0.028846153846153848
0 0.43028846153846156 0.4855769230769231 0.02403846153846154 0.03125
0 0.2980769230769231 0.5072115384615384 0.028846153846153848 0.026442307692307692
0 0.042067307692307696 0.48677884615384615 0.021634615384615384 0.04567307692307692
0 0.1778846153846154 0.5168269230769231 0.014423076923076924 0.028846153846153848
0 0.20673076923076922 0.5709134615384616 0.03125 0.02403846153846154
0 0.3004807692307692 0.5913461538461539 0.026442307692307692 0.026442307692307692
0 0.2764423076923077 0.6177884615384616 0.028846153846153848 0.02403846153846154
0 0.5576923076923077 0.6646634615384616 0.038461538461538464 0.03125
0 0.47836538461538464 0.7043269230769231 0.02403846153846154 0.04567307692307692
0 0.5396634615384616 0.7151442307692307 0.016826923076923076 0.036057692307692304
0 0.4495192307692308 0.7283653846153846 0.03125 0.026442307692307692
0 0.4807692307692308 0.7596153846153846 0.03125 0.02403846153846154
0 0.4014423076923077 0.7596153846153846 0.016826923076923076 0.036057692307692304
0 0.46875 0.8161057692307693 0.02403846153846154 0.019230769230769232
0 0.008413461538461538 0.7704326923076923 0.016826923076923076 0.036057692307692304
0 0.4963942307692308 0.9038461538461539 0.038461538461538464 0.04567307692307692
0 0.34134615384615385 0.9002403846153846 0.02403846153846154 0.026442307692307692
0 0.5072115384615384 0.9447115384615384 0.016826923076923076 0.038461538461538464
0 0.34615384615384615 0.9639423076923077 0.019230769230769232 0.036057692307692304
0 0.5096153846153846 0.9891826923076923 0.019230769230769232 0.016826923076923076