0 0.6742788461538461 0.34134615384615385 0.028846153846153848 0.036057692307692304
0 0.8329326923076923 0.359375 0.03365384615384615 0.03125
0 0.9735576923076923 0.36899038461538464 0.019230769230769232 0.036057692307692304
0 0.9435096153846154 0.4326923076923077 0.036057692307692304 0.028846153846153848
0 0.8341346153846154 0.46033653846153844 0.03365384615384615 0.03365384615384615
0 0.8617788461538461 0.49038461538461536 0.036057692307692304 0.026442307692307692
0 0.53125 0.5588942307692307 0.04807692307692308 0.038461538461538464
0 0.6274038461538461 0.6021634615384616 0.028846153846153848 0.055288461538461536
0 0.5540865384615384 0.6165865384615384 0.021634615384615384 0.04326923076923077
0 0.6634615384615384 0.6286057692307693 0.036057692307692304 0.03125
0 0.6262019230769231 0.6658653846153846 0.036057692307692304 0.028846153846153848
0 0.7199519230769231 0.6646634615384616 0.021634615384615384 0.04326923076923077
0 0.6430288461538461 0.734375 0.028846153846153848 0.02403846153846154
0 0.6117788461538461 0.8377403846153846 0.04807692307692308 0.055288461538461536
0 0.7980769230769231 0.828125 0.028846153846153848 0.03365384615384615
0 0.6033653846153846 0.8870192307692307 0.021634615384615384 0.04326923076923077
0 0.7944711538461539 0.9038461538461539 0.02403846153846154 0.04567307692307692
0 0.6069711538461539 0.9591346153846154 0.02403846153846154 0.057692307692307696