0 0.3112980769230769 0.039663461538461536 0.014423076923076924 0.02403846153846154
0 0.3473557692307692 0.09254807692307693 0.014423076923076924 0.014423076923076924
0 0.36177884615384615 0.16466346153846154 0.009615384615384616 0.014423076923076924
0 0.24759615384615385 0.23317307692307693 0.009615384615384616 0.021634615384615384
0 0.3894230769230769 0.27163461538461536 0.014423076923076924 0.014423076923076924
0 0.41947115384615385 0.2980769230769231 0.01201923076923077 0.014423076923076924
0 0.4050480769230769 0.3161057692307692 0.007211538461538462 0.007211538461538462
0 0.6045673076923077 0.3954326923076923 0.01201923076923077 0.021634615384615384
0 0.3701923076923077 0.5048076923076923 0.007211538461538462 0.01201923076923077
0 0.36778846153846156 0.5288461538461539 0.01201923076923077 0.019230769230769232
0 0.39903846153846156 0.5288461538461539 0.007211538461538462 0.014423076923076924
0 0.4026442307692308 0.6298076923076923 0.016826923076923076 0.014423076923076924
0 0.4170673076923077 0.6358173076923077 0.004807692307692308 0.004807692307692308
0 0.37740384615384615 0.6670673076923077 0.009615384615384616 0.014423076923076924
0 0.35697115384615385 0.6742788461538461 0.019230769230769232 0.016826923076923076
0 0.5288461538461539 0.6814903846153846 0.02403846153846154 0.019230769230769232