0 0.4831730769230769 0.003605769230769231 0.014423076923076924 0.007211538461538462
0 0.5612980769230769 0.03245192307692308 0.01201923076923077 0.021634615384615384
0 0.5408653846153846 0.08774038461538461 0.01201923076923077 0.01201923076923077
0 0.5444711538461539 0.15504807692307693 0.009615384615384616 0.01201923076923077
0 0.6586538461538461 0.18990384615384615 0.009615384615384616 0.019230769230769232
0 0.5432692307692307 0.2536057692307692 0.01201923076923077 0.01201923076923077
0 0.5216346153846154 0.2824519230769231 0.009615384615384616 0.01201923076923077
0 0.5384615384615384 0.2956730769230769 0.007211538461538462 0.007211538461538462
0 0.38100961538461536 0.4098557692307692 0.009615384615384616 0.019230769230769232
0 0.6117788461538461 0.4543269230769231 0.004807692307692308 0.009615384615384616
0 0.6177884615384616 0.47475961538461536 0.009615384615384616 0.016826923076923076
0 0.5913461538461539 0.48197115384615385 0.007211538461538462 0.01201923076923077
0 0.609375 0.5733173076923077 0.014423076923076924 0.014423076923076924
0 0.5973557692307693 0.5805288461538461 0.004807692307692308 0.004807692307692308
0 0.6394230769230769 0.5997596153846154 0.007211538461538462 0.014423076923076924
0 0.6598557692307693 0.6021634615384616 0.016826923076923076 0.014423076923076924
0 0.5096153846153846 0.6454326923076923 0.021634615384615384 0.016826923076923076