0 0.4110576923076923 0.040865384615384616 0.009615384615384616 0.014423076923076924
0 0.296875 0.11538461538461539 0.01201923076923077 0.021634615384615384
0 0.4423076923076923 0.14903846153846154 0.014423076923076924 0.014423076923076924
0 0.47475961538461536 0.17427884615384615 0.01201923076923077 0.014423076923076924
0 0.45913461538461536 0.19230769230769232 0.007211538461538462 0.007211538461538462
0 0.6670673076923077 0.26802884615384615 0.014423076923076924 0.02403846153846154
0 0.43028846153846156 0.38822115384615385 0.007211538461538462 0.01201923076923077
0 0.43028846153846156 0.4110576923076923 0.01201923076923077 0.019230769230769232
0 0.46153846153846156 0.4098557692307692 0.009615384615384616 0.014423076923076924
0 0.4699519230769231 0.5144230769230769 0.019230769230769232 0.016826923076923076
0 0.484375 0.5180288461538461 0.004807692307692308 0.004807692307692308
0 0.44471153846153844 0.5540865384615384 0.009615384615384616 0.016826923076923076
0 0.42427884615384615 0.5612980769230769 0.019230769230769232 0.016826923076923076
0 0.5997596153846154 0.5612980769230769 0.026442307692307692 0.021634615384615384