0 0.9134615384615384 0.6069711538461539 0.026442307692307692 0.03125
0 0.8858173076923077 0.6213942307692307 0.019230769230769232 0.028846153846153848
0 0.8353365384615384 0.6346153846153846 0.019230769230769232 0.03365384615384615
0 0.8545673076923077 0.6442307692307693 0.019230769230769232 0.03125
0 0.5985576923076923 0.6995192307692307 0.021634615384615384 0.026442307692307692
0 0.8100961538461539 0.6730769230769231 0.026442307692307692 0.036057692307692304
0 0.5444711538461539 0.7151442307692307 0.016826923076923076 0.028846153846153848
0 0.7872596153846154 0.7043269230769231 0.021634615384615384 0.03125
0 0.6826923076923077 0.7283653846153846 0.021634615384615384 0.028846153846153848
0 0.5733173076923077 0.7475961538461539 0.01201923076923077 0.03125
0 0.75 0.7211538461538461 0.019230769230769232 0.03365384615384615
0 0.5625 0.7920673076923077 0.016826923076923076 0.038461538461538464
0 0.6225961538461539 0.7824519230769231 0.014423076923076924 0.026442307692307692
0 0.7319711538461539 0.7848557692307693 0.026442307692307692 0.021634615384615384
0 0.9555288461538461 0.7584134615384616 0.021634615384615384 0.03365384615384615