0 0.859375 0.6610576923076923 0.028846153846153848 0.036057692307692304
0 0.8233173076923077 0.6694711538461539 0.019230769230769232 0.03365384615384615
0 0.7620192307692307 0.6670673076923077 0.021634615384615384 0.038461538461538464
0 0.78125 0.6850961538461539 0.021634615384615384 0.036057692307692304
0 0.4723557692307692 0.6694711538461539 0.02403846153846154 0.028846153846153848
0 0.7199519230769231 0.7043269230769231 0.03125 0.040865384615384616
0 0.4050480769230769 0.6706730769230769 0.019230769230769232 0.03365384615384615
0 0.6875 0.7319711538461539 0.02403846153846154 0.036057692307692304
0 0.5588942307692307 0.7259615384615384 0.02403846153846154 0.03365384615384615
0 0.42908653846153844 0.7163461538461539 0.01201923076923077 0.038461538461538464
0 0.6382211538461539 0.7391826923076923 0.019230769230769232 0.038461538461538464
0 0.4026442307692308 0.7632211538461539 0.016826923076923076 0.04567307692307692
0 0.4735576923076923 0.7716346153846154 0.014423076923076924 0.028846153846153848
0 0.5985576923076923 0.8064903846153846 0.028846153846153848 0.02403846153846154
0 0.8605769230769231 0.8461538461538461 0.026442307692307692 0.038461538461538464