0 0.9074519230769231 0.7956730769230769 0.03125 0.036057692307692304
0 0.8725961538461539 0.8004807692307693 0.021634615384615384 0.03365384615384615
0 0.8161057692307693 0.7944711538461539 0.021634615384615384 0.036057692307692304
0 0.8329326923076923 0.8125 0.021634615384615384 0.036057692307692304
0 0.5444711538461539 0.7776442307692307 0.02403846153846154 0.028846153846153848
0 0.7752403846153846 0.8269230769230769 0.028846153846153848 0.040865384615384616
0 0.4807692307692308 0.7752403846153846 0.019230769230769232 0.03125
0 0.7415865384615384 0.8497596153846154 0.02403846153846154 0.036057692307692304
0 0.6213942307692307 0.8365384615384616 0.02403846153846154 0.03125
0 0.5012019230769231 0.8185096153846154 0.014423076923076924 0.036057692307692304
0 0.6959134615384616 0.8545673076923077 0.019230769230769232 0.036057692307692304
0 0.47475961538461536 0.8605769230769231 0.016826923076923076 0.04326923076923077
0 0.5408653846153846 0.8737980769230769 0.014423076923076924 0.028846153846153848
0 0.6538461538461539 0.9134615384615384 0.028846153846153848 0.02403846153846154
0 0.8966346153846154 0.9675480769230769 0.026442307692307692 0.038461538461538464