0 0.9747596153846154 0.6105769230769231 0.009615384615384616 0.009615384615384616
0 0.2692307692307692 0.6730769230769231 0.01201923076923077 0.02403846153846154
0 0.8713942307692307 0.4795673076923077 0.014423076923076924 0.01201923076923077
0 0.8846153846153846 0.4879807692307692 0.007211538461538462 0.007211538461538462
0 0.8401442307692307 0.484375 0.014423076923076924 0.009615384615384616
0 0.9026442307692307 0.5048076923076923 0.01201923076923077 0.009615384615384616
0 0.9086538461538461 0.5096153846153846 0.009615384615384616 0.007211538461538462
0 0.8125 0.49278846153846156 0.007211538461538462 0.007211538461538462
0 0.9050480769230769 0.5180288461538461 0.016826923076923076 0.01201923076923077
0 0.8028846153846154 0.4963942307692308 0.009615384615384616 0.009615384615384616
0 0.7908653846153846 0.5036057692307693 0.016826923076923076 0.019230769230769232