0 0.037259615384615384 0.5600961538461539 0.004807692307692308 0.007211538461538462
0 0.6225961538461539 0.7391826923076923 0.007211538461538462 0.019230769230769232
0 0.14903846153846154 0.4675480769230769 0.009615384615384616 0.009615384615384616
0 0.13581730769230768 0.4723557692307692 0.004807692307692308 0.004807692307692308
0 0.17427884615384615 0.47716346153846156 0.009615384615384616 0.004807692307692308
0 0.11778846153846154 0.4831730769230769 0.009615384615384616 0.004807692307692308
0 0.11177884615384616 0.48677884615384615 0.007211538461538462 0.004807692307692308
0 0.19591346153846154 0.4891826923076923 0.004807692307692308 0.004807692307692308
0 0.11298076923076923 0.49399038461538464 0.01201923076923077 0.009615384615384616
0 0.203125 0.4951923076923077 0.004807692307692308 0.004807692307692308
0 0.2127403846153846 0.5036057692307693 0.01201923076923077 0.014423076923076924