0 0.9891826923076923 0.5973557692307693 0.004807692307692308 0.009615384615384616
0 0.3786057692307692 0.7379807692307693 0.009615384615384616 0.019230769230769232
0 0.8834134615384616 0.49399038461538464 0.01201923076923077 0.009615384615384616
0 0.8966346153846154 0.5012019230769231 0.007211538461538462 0.007211538461538462
0 0.8569711538461539 0.5024038461538461 0.01201923076923077 0.007211538461538462
0 0.9134615384615384 0.5120192307692307 0.009615384615384616 0.007211538461538462
0 0.9194711538461539 0.515625 0.007211538461538462 0.004807692307692308
0 0.8329326923076923 0.5132211538461539 0.007211538461538462 0.004807692307692308
0 0.9170673076923077 0.5240384615384616 0.014423076923076924 0.009615384615384616
0 0.8257211538461539 0.5180288461538461 0.007211538461538462 0.007211538461538462
0 0.8149038461538461 0.5264423076923077 0.01201923076923077 0.014423076923076924