0 0.009615384615384616 0.5504807692307693 0.019230769230769232 0.019230769230769232
0 0.01201923076923077 0.5745192307692307 0.014423076923076924 0.03125
0 0.2860576923076923 0.6286057692307693 0.019230769230769232 0.03125
0 0.6622596153846154 0.6598557692307693 0.021634615384615384 0.036057692307692304
0 0.2668269230769231 0.6622596153846154 0.01201923076923077 0.040865384615384616
0 0.6442307692307693 0.7067307692307693 0.01201923076923077 0.040865384615384616
0 0.6394230769230769 0.7596153846153846 0.016826923076923076 0.026442307692307692
0 0.6310096153846154 0.7644230769230769 0.014423076923076924 0.02403846153846154
0 0.65625 0.7776442307692307 0.016826923076923076 0.04807692307692308
0 0.6081730769230769 0.8269230769230769 0.016826923076923076 0.01201923076923077
0 0.65625 0.8617788461538461 0.009615384615384616 0.03125
0 0.3942307692307692 0.8689903846153846 0.014423076923076924 0.019230769230769232
0 0.4543269230769231 0.8786057692307693 0.02403846153846154 0.03125
0 0.3798076923076923 0.8846153846153846 0.02403846153846154 0.019230769230769232
0 0.5252403846153846 0.13581730769230768 0.03365384615384615 0.026442307692307692
0 0.6658653846153846 0.24158653846153846 0.03125 0.021634615384615384