0 0.3016826923076923 0.7872596153846154 0.028846153846153848 0.038461538461538464
0 0.7355769230769231 0.7175480769230769 0.03125 0.04567307692307692
0 0.29086538461538464 0.8317307692307693 0.021634615384615384 0.04807692307692308
0 0.7271634615384616 0.7776442307692307 0.021634615384615384 0.04807692307692308
0 0.7367788461538461 0.8365384615384616 0.02403846153846154 0.03365384615384615
0 0.7295673076923077 0.8449519230769231 0.021634615384615384 0.028846153846153848
0 0.7608173076923077 0.8521634615384616 0.028846153846153848 0.06009615384615385
0 0.7199519230769231 0.921875 0.021634615384615384 0.019230769230769232
0 0.78125 0.9399038461538461 0.016826923076923076 0.021634615384615384
0 0.4326923076923077 0.1658653846153846 0.04326923076923077 0.036057692307692304
0 0.6201923076923077 0.24639423076923078 0.040865384615384616 0.03125