0 0.06610576923076923 0.5817307692307693 0.019230769230769232 0.016826923076923076
0 0.07211538461538461 0.6045673076923077 0.014423076923076924 0.03125
0 0.3449519230769231 0.640625 0.019230769230769232 0.03125
0 0.7163461538461539 0.6454326923076923 0.019230769230769232 0.03365384615384615
0 0.328125 0.6742788461538461 0.01201923076923077 0.038461538461538464
0 0.7019230769230769 0.6923076923076923 0.01201923076923077 0.038461538461538464
0 0.03365384615384615 0.7235576923076923 0.02403846153846154 0.019230769230769232
0 0.016826923076923076 0.7463942307692307 0.01201923076923077 0.026442307692307692
0 0.7007211538461539 0.7439903846153846 0.014423076923076924 0.026442307692307692
0 0.6935096153846154 0.7487980769230769 0.014423076923076924 0.021634615384615384
0 0.71875 0.7608173076923077 0.016826923076923076 0.04807692307692308
0 0.6730769230769231 0.8125 0.016826923076923076 0.01201923076923077
0 0.7235576923076923 0.84375 0.009615384615384616 0.03125
0 0.4675480769230769 0.8677884615384616 0.014423076923076924 0.019230769230769232
0 0.5264423076923077 0.8737980769230769 0.02403846153846154 0.03125
0 0.4543269230769231 0.8858173076923077 0.021634615384615384 0.019230769230769232
0 0.5456730769230769 0.140625 0.03125 0.026442307692307692
0 0.6899038461538461 0.234375 0.03125 0.021634615384615384