0 0.8269230769230769 0.6442307692307693 0.004807692307692308 0.014423076923076924
0 0.8221153846153846 0.6466346153846154 0.004807692307692308 0.007211538461538462
0 0.7956730769230769 0.6526442307692307 0.009615384615384616 0.019230769230769232
0 0.8197115384615384 0.6526442307692307 0.007211538461538462 0.002403846153846154
0 0.8485576923076923 0.6526442307692307 0.004807692307692308 0.01201923076923077
0 0.8569711538461539 0.6526442307692307 0.002403846153846154 0.01201923076923077
0 0.8521634615384616 0.6550480769230769 0.002403846153846154 0.007211538461538462
0 0.8401442307692307 0.6550480769230769 0.009615384615384616 0.004807692307692308
0 0.8497596153846154 0.6646634615384616 0.004807692307692308 0.01201923076923077
0 0.8425480769230769 0.6646634615384616 0.007211538461538462 0.009615384615384616
0 0.8569711538461539 0.6706730769230769 0.007211538461538462 0.007211538461538462
0 0.8173076923076923 0.6802884615384616 0.009615384615384616 0.021634615384615384
0 0.7788461538461539 0.7115384615384616 0.007211538461538462 0.021634615384615384
0 0.8088942307692307 0.7103365384615384 0.009615384615384616 0.01201923076923077
0 0.11778846153846154 0.11899038461538461 0.007211538461538462 0.021634615384615384