0 0.15504807692307693 0.7992788461538461 0.007211538461538462 0.014423076923076924
0 0.1622596153846154 0.8016826923076923 0.004807692307692308 0.007211538461538462
0 0.18870192307692307 0.8016826923076923 0.01201923076923077 0.021634615384615384
0 0.16466346153846154 0.8064903846153846 0.007211538461538462 0.002403846153846154
0 0.13581730769230768 0.8137019230769231 0.004807692307692308 0.01201923076923077
0 0.12860576923076922 0.8149038461538461 0.004807692307692308 0.01201923076923077
0 0.1346153846153846 0.8161057692307693 0.004807692307692308 0.007211538461538462
0 0.14543269230769232 0.8149038461538461 0.009615384615384616 0.004807692307692308
0 0.13822115384615385 0.8245192307692307 0.004807692307692308 0.01201923076923077
0 0.14543269230769232 0.8245192307692307 0.009615384615384616 0.009615384615384616
0 0.13341346153846154 0.8329326923076923 0.007211538461538462 0.007211538461538462
0 0.17427884615384615 0.8341346153846154 0.01201923076923077 0.02403846153846154
0 0.21995192307692307 0.8545673076923077 0.01201923076923077 0.021634615384615384
0 0.18870192307692307 0.8605769230769231 0.009615384615384616 0.014423076923076924
0 0.7139423076923077 0.12379807692307693 0.009615384615384616 0.021634615384615384