0 0.8088942307692307 0.5757211538461539 0.004807692307692308 0.016826923076923076
0 0.8028846153846154 0.5793269230769231 0.004807692307692308 0.007211538461538462
0 0.7716346153846154 0.5853365384615384 0.009615384615384616 0.021634615384615384
0 0.8004807692307693 0.5853365384615384 0.007211538461538462 0.002403846153846154
0 0.8329326923076923 0.5853365384615384 0.004807692307692308 0.01201923076923077
0 0.8425480769230769 0.5841346153846154 0.002403846153846154 0.01201923076923077
0 0.8377403846153846 0.5865384615384616 0.004807692307692308 0.009615384615384616
0 0.8233173076923077 0.5889423076923077 0.009615384615384616 0.004807692307692308
0 0.8353365384615384 0.5985576923076923 0.004807692307692308 0.01201923076923077
0 0.8269230769230769 0.5997596153846154 0.009615384615384616 0.009615384615384616
0 0.8425480769230769 0.6045673076923077 0.007211538461538462 0.009615384615384616
0 0.796875 0.6177884615384616 0.01201923076923077 0.02403846153846154
0 0.7524038461538461 0.6526442307692307 0.009615384615384616 0.026442307692307692
0 0.7884615384615384 0.6514423076923077 0.009615384615384616 0.014423076923076924