0 0.5576923076923077 0.08774038461538461 0.016826923076923076 0.021634615384615384
0 0.5757211538461539 0.10096153846153846 0.019230769230769232 0.038461538461538464
0 0.5348557692307693 0.109375 0.019230769230769232 0.040865384615384616
0 0.5432692307692307 0.13341346153846154 0.009615384615384616 0.016826923076923076
0 0.5853365384615384 0.1346153846153846 0.02403846153846154 0.019230769230769232
0 0.5625 0.14182692307692307 0.01201923076923077 0.01201923076923077
0 0.9266826923076923 0.11298076923076923 0.01201923076923077 0.009615384615384616
0 0.5925480769230769 0.15625 0.009615384615384616 0.021634615384615384
0 0.9266826923076923 0.15264423076923078 0.028846153846153848 0.021634615384615384
0 0.6526442307692307 0.18028846153846154 0.014423076923076924 0.036057692307692304
0 0.8786057692307693 0.16346153846153846 0.016826923076923076 0.02403846153846154
0 0.8966346153846154 0.16826923076923078 0.021634615384615384 0.01201923076923077
0 0.5961538461538461 0.19831730769230768 0.007211538461538462 0.019230769230769232
0 0.5625 0.2512019230769231 0.009615384615384616 0.016826923076923076
0 0.7908653846153846 0.24519230769230768 0.019230769230769232 0.02403846153846154
0 0.8894230769230769 0.2403846153846154 0.016826923076923076 0.036057692307692304
0 0.7283653846153846 0.26322115384615385 0.01201923076923077 0.021634615384615384
0 0.9074519230769231 0.24879807692307693 0.02403846153846154 0.036057692307692304
0 0.49158653846153844 0.296875 0.028846153846153848 0.014423076923076924
0 0.7019230769230769 0.29447115384615385 0.01201923076923077 0.038461538461538464
0 0.7536057692307693 0.3016826923076923 0.03125 0.02403846153846154
0 0.7391826923076923 0.34375 0.014423076923076924 0.028846153846153848
0 0.6009615384615384 0.4170673076923077 0.009615384615384616 0.01201923076923077