0 0.5769230769230769 0.06370192307692307 0.016826923076923076 0.021634615384615384
0 0.5961538461538461 0.078125 0.019230769230769232 0.038461538461538464
0 0.5516826923076923 0.08533653846153846 0.019230769230769232 0.040865384615384616
0 0.5600961538461539 0.11057692307692307 0.009615384615384616 0.016826923076923076
0 0.6033653846153846 0.1141826923076923 0.02403846153846154 0.019230769230769232
0 0.5805288461538461 0.12139423076923077 0.014423076923076924 0.01201923076923077
0 0.9615384615384616 0.10336538461538461 0.014423076923076924 0.01201923076923077
0 0.6105769230769231 0.13701923076923078 0.007211538461538462 0.02403846153846154
0 0.9591346153846154 0.14543269230769232 0.028846153846153848 0.021634615384615384
0 0.6730769230769231 0.16346153846153846 0.014423076923076924 0.038461538461538464
0 0.9086538461538461 0.15504807692307693 0.016826923076923076 0.02403846153846154
0 0.9278846153846154 0.16105769230769232 0.02403846153846154 0.009615384615384616
0 0.6129807692307693 0.1814903846153846 0.007211538461538462 0.021634615384615384
0 0.5757211538461539 0.23317307692307693 0.009615384615384616 0.016826923076923076
0 0.8149038461538461 0.23677884615384615 0.019230769230769232 0.021634615384615384
0 0.9182692307692307 0.234375 0.016826923076923076 0.036057692307692304
0 0.7475961538461539 0.25240384615384615 0.01201923076923077 0.021634615384615384
0 0.9362980769230769 0.24519230769230768 0.02403846153846154 0.036057692307692304
0 0.5012019230769231 0.2800480769230769 0.028846153846153848 0.016826923076923076
0 0.7199519230769231 0.2848557692307692 0.01201923076923077 0.040865384615384616
0 0.7740384615384616 0.2932692307692308 0.03125 0.02403846153846154
0 0.7572115384615384 0.33774038461538464 0.01201923076923077 0.03125
0 0.6105769230769231 0.4098557692307692 0.009615384615384616 0.01201923076923077