0 0.7079326923076923 0.13942307692307693 0.021634615384615384 0.02403846153846154
0 0.7223557692307693 0.15985576923076922 0.026442307692307692 0.04326923076923077
0 0.6754807692307693 0.15504807692307693 0.026442307692307692 0.04567307692307692
0 0.6766826923076923 0.1814903846153846 0.01201923076923077 0.019230769230769232
0 0.7199519230769231 0.19831730769230768 0.028846153846153848 0.02403846153846154
0 0.6947115384615384 0.19831730769230768 0.014423076923076924 0.014423076923076924
0 0.7199519230769231 0.22355769230769232 0.014423076923076924 0.026442307692307692
0 0.7752403846153846 0.2692307692307692 0.021634615384615384 0.040865384615384616
0 0.7103365384615384 0.26802884615384615 0.009615384615384616 0.021634615384615384
0 0.6574519230769231 0.3112980769230769 0.01201923076923077 0.019230769230769232
0 0.8978365384615384 0.38341346153846156 0.021634615384615384 0.026442307692307692
0 0.9939903846153846 0.41225961538461536 0.007211538461538462 0.040865384615384616
0 0.8245192307692307 0.3798076923076923 0.016826923076923076 0.02403846153846154
0 0.5685096153846154 0.33533653846153844 0.03365384615384615 0.021634615384615384
0 0.7884615384615384 0.40384615384615385 0.019230769230769232 0.04326923076923077
0 0.8401442307692307 0.42788461538461536 0.036057692307692304 0.03125
0 0.8100961538461539 0.4675480769230769 0.019230769230769232 0.03365384615384615
0 0.6418269230769231 0.5 0.01201923076923077 0.014423076923076924