0 0.7211538461538461 0.19831730769230768 0.014423076923076924 0.021634615384615384
0 0.7524038461538461 0.23076923076923078 0.026442307692307692 0.026442307692307692
0 0.7271634615384616 0.24519230769230768 0.01201923076923077 0.02403846153846154
0 0.7379807692307693 0.25 0.009615384615384616 0.019230769230769232
0 0.7463942307692307 0.27163461538461536 0.01201923076923077 0.019230769230769232
0 0.7596153846153846 0.27524038461538464 0.007211538461538462 0.016826923076923076
0 0.7536057692307693 0.2860576923076923 0.01201923076923077 0.016826923076923076
0 0.7391826923076923 0.2920673076923077 0.026442307692307692 0.026442307692307692
0 0.7596153846153846 0.3016826923076923 0.021634615384615384 0.03365384615384615
0 0.7283653846153846 0.31009615384615385 0.01201923076923077 0.02403846153846154
0 0.7524038461538461 0.31971153846153844 0.007211538461538462 0.004807692307692308
0 0.7439903846153846 0.32091346153846156 0.016826923076923076 0.026442307692307692
0 0.7127403846153846 0.34975961538461536 0.016826923076923076 0.016826923076923076
0 0.6935096153846154 0.3545673076923077 0.021634615384615384 0.03125
0 0.703125 0.3581730769230769 0.009615384615384616 0.007211538461538462
0 0.6850961538461539 0.40024038461538464 0.019230769230769232 0.016826923076923076
0 0.6646634615384616 0.4266826923076923 0.016826923076923076 0.026442307692307692