0 0.6802884615384616 0.1346153846153846 0.014423076923076924 0.021634615384615384
0 0.7223557692307693 0.15865384615384615 0.026442307692307692 0.02403846153846154
0 0.7019230769230769 0.1814903846153846 0.01201923076923077 0.02403846153846154
0 0.7139423076923077 0.18269230769230768 0.009615384615384616 0.019230769230769232
0 0.7283653846153846 0.203125 0.01201923076923077 0.019230769230769232
0 0.7427884615384616 0.20192307692307693 0.007211538461538462 0.019230769230769232
0 0.7415865384615384 0.21514423076923078 0.01201923076923077 0.016826923076923076
0 0.7283653846153846 0.22596153846153846 0.02403846153846154 0.02403846153846154
0 0.7524038461538461 0.22956730769230768 0.019230769230769232 0.03365384615384615
0 0.7223557692307693 0.24759615384615385 0.01201923076923077 0.026442307692307692
0 0.7512019230769231 0.25 0.007211538461538462 0.004807692307692308
0 0.7439903846153846 0.2536057692307692 0.016826923076923076 0.028846153846153848
0 0.71875 0.2920673076923077 0.016826923076923076 0.016826923076923076
0 0.7019230769230769 0.30408653846153844 0.019230769230769232 0.03125
0 0.7115384615384616 0.30408653846153844 0.009615384615384616 0.007211538461538462
0 0.7067307692307693 0.35096153846153844 0.021634615384615384 0.016826923076923076
0 0.6947115384615384 0.3870192307692308 0.016826923076923076 0.028846153846153848