0 0.30408653846153844 0.15144230769230768 0.014423076923076924 0.021634615384615384
0 0.26802884615384615 0.18269230769230768 0.026442307692307692 0.02403846153846154
0 0.2920673076923077 0.19951923076923078 0.009615384615384616 0.02403846153846154
0 0.27884615384615385 0.203125 0.009615384615384616 0.019230769230769232
0 0.2704326923076923 0.2247596153846154 0.01201923076923077 0.019230769230769232
0 0.25600961538461536 0.22716346153846154 0.004807692307692308 0.016826923076923076
0 0.25961538461538464 0.23918269230769232 0.009615384615384616 0.016826923076923076
0 0.27403846153846156 0.24759615384615385 0.02403846153846154 0.02403846153846154
0 0.2512019230769231 0.2548076923076923 0.019230769230769232 0.03365384615384615
0 0.28365384615384615 0.2668269230769231 0.01201923076923077 0.026442307692307692
0 0.2548076923076923 0.27524038461538464 0.007211538461538462 0.004807692307692308
0 0.265625 0.2764423076923077 0.014423076923076924 0.026442307692307692
0 0.29447115384615385 0.31009615384615385 0.016826923076923076 0.014423076923076924
0 0.3137019230769231 0.3173076923076923 0.019230769230769232 0.028846153846153848
0 0.30408653846153844 0.32091346153846156 0.009615384615384616 0.007211538461538462
0 0.3161057692307692 0.36538461538461536 0.019230769230769232 0.016826923076923076
0 0.33413461538461536 0.39663461538461536 0.014423076923076924 0.026442307692307692