0 0.7211538461538461 0.3173076923076923 0.04326923076923077 0.06009615384615385
0 0.3485576923076923 0.2620192307692308 0.04326923076923077 0.036057692307692304
0 0.34375 0.2764423076923077 0.021634615384615384 0.021634615384615384
0 0.35216346153846156 0.30408653846153844 0.028846153846153848 0.028846153846153848
0 0.9915865384615384 0.46274038461538464 0.01201923076923077 0.040865384615384616
0 0.3545673076923077 0.3173076923076923 0.04807692307692308 0.05048076923076923
0 0.9230769230769231 0.4579326923076923 0.038461538461538464 0.055288461538461536
0 0.7307692307692307 0.44350961538461536 0.038461538461538464 0.04326923076923077
0 0.6983173076923077 0.44350961538461536 0.026442307692307692 0.03125
0 0.7127403846153846 0.4651442307692308 0.019230769230769232 0.021634615384615384
0 0.9831730769230769 0.5432692307692307 0.028846153846153848 0.07692307692307693
0 0.8197115384615384 0.5396634615384616 0.03125 0.04807692307692308
0 0.9867788461538461 0.5853365384615384 0.016826923076923076 0.03125
0 0.9603365384615384 0.6045673076923077 0.021634615384615384 0.036057692307692304
0 0.8341346153846154 0.6105769230769231 0.03365384615384615 0.04326923076923077
0 0.7319711538461539 0.6081730769230769 0.02403846153846154 0.021634615384615384
0 0.7800480769230769 0.6225961538461539 0.03125 0.052884615384615384
0 0.27884615384615385 0.5144230769230769 0.03365384615384615 0.036057692307692304
0 0.25841346153846156 0.5264423076923077 0.021634615384615384 0.028846153846153848
0 0.5625 0.671875 0.040865384615384616 0.057692307692307696
0 0.10096153846153846 0.5673076923076923 0.028846153846153848 0.05048076923076923
0 0.19110576923076922 0.5913461538461539 0.021634615384615384 0.02403846153846154
0 0.07692307692307693 0.5793269230769231 0.038461538461538464 0.05048076923076923
0 0.7668269230769231 0.7415865384615384 0.040865384615384616 0.04807692307692308
0 0.36538461538461536 0.6610576923076923 0.040865384615384616 0.06490384615384616
0 0.22355769230769232 0.6586538461538461 0.021634615384615384 0.038461538461538464
0 0.6995192307692307 0.7716346153846154 0.040865384615384616 0.052884615384615384
0 0.07091346153846154 0.6382211538461539 0.04326923076923077 0.038461538461538464
0 0.1346153846153846 0.65625 0.04567307692307692 0.04807692307692308
0 0.6262019230769231 0.8016826923076923 0.040865384615384616 0.04326923076923077
0 0.18629807692307693 0.7007211538461539 0.03125 0.052884615384615384
0 0.28846153846153844 0.8257211538461539 0.03125 0.04807692307692308