0 0.6935096153846154 0.33052884615384615 0.03125 0.052884615384615384
0 0.35216346153846156 0.3329326923076923 0.036057692307692304 0.026442307692307692
0 0.35096153846153844 0.34615384615384615 0.016826923076923076 0.016826923076923076
0 0.36177884615384615 0.3701923076923077 0.02403846153846154 0.02403846153846154
0 0.9639423076923077 0.4206730769230769 0.021634615384615384 0.03365384615384615
0 0.36538461538461536 0.38221153846153844 0.038461538461538464 0.040865384615384616
0 0.8942307692307693 0.42788461538461536 0.026442307692307692 0.04807692307692308
0 0.71875 0.4423076923076923 0.028846153846153848 0.036057692307692304
0 0.6911057692307693 0.44591346153846156 0.021634615384615384 0.026442307692307692
0 0.7067307692307693 0.4639423076923077 0.014423076923076924 0.016826923076923076
0 0.9651442307692307 0.49399038461538464 0.02403846153846154 0.0673076923076923
0 0.8137019230769231 0.5144230769230769 0.021634615384615384 0.040865384615384616
0 0.9807692307692307 0.5336538461538461 0.03365384615384615 0.03125
0 0.9483173076923077 0.5540865384615384 0.014423076923076924 0.03125
0 0.8365384615384616 0.5769230769230769 0.026442307692307692 0.036057692307692304
0 0.7427884615384616 0.5877403846153846 0.019230769230769232 0.016826923076923076
0 0.7896634615384616 0.5949519230769231 0.021634615384615384 0.04567307692307692
0 0.3245192307692308 0.5685096153846154 0.026442307692307692 0.028846153846153848
0 0.3076923076923077 0.5829326923076923 0.016826923076923076 0.02403846153846154
0 0.6009615384615384 0.6694711538461539 0.028846153846153848 0.05048076923076923
0 0.17307692307692307 0.640625 0.019230769230769232 0.04567307692307692
0 0.25841346153846156 0.6502403846153846 0.019230769230769232 0.019230769230769232
0 0.15384615384615385 0.6550480769230769 0.03125 0.040865384615384616
0 0.7944711538461539 0.703125 0.03125 0.040865384615384616
0 0.4230769230769231 0.6887019230769231 0.03125 0.055288461538461536
0 0.2956730769230769 0.7067307692307693 0.014423076923076924 0.03365384615384615
0 0.7391826923076923 0.7403846153846154 0.03125 0.04326923076923077
0 0.15625 0.7079326923076923 0.03365384615384615 0.03125
0 0.21634615384615385 0.7163461538461539 0.036057692307692304 0.040865384615384616
0 0.6766826923076923 0.7776442307692307 0.03125 0.03365384615384615
0 0.26802884615384615 0.75 0.021634615384615384 0.04567307692307692
0 0.3786057692307692 0.8485576923076923 0.021634615384615384 0.04326923076923077
0 0.7091346153846154 0.9747596153846154 0.02403846153846154 0.04567307692307692