0 0.36658653846153844 0.3125 0.03365384615384615 0.06009615384615385
0 0.7668269230769231 0.34975961538461536 0.04326923076923077 0.03125
0 0.7680288461538461 0.36658653846153844 0.021634615384615384 0.019230769230769232
0 0.7524038461538461 0.39302884615384615 0.026442307692307692 0.026442307692307692
0 0.040865384615384616 0.3894230769230769 0.02403846153846154 0.038461538461538464
0 0.7463942307692307 0.4074519230769231 0.040865384615384616 0.04807692307692308
0 0.1201923076923077 0.4050480769230769 0.028846153846153848 0.055288461538461536
0 0.32572115384615385 0.43990384615384615 0.03125 0.040865384615384616
0 0.359375 0.4495192307692308 0.02403846153846154 0.028846153846153848
0 0.33774038461538464 0.46875 0.016826923076923076 0.021634615384615384
0 0.030048076923076924 0.47596153846153844 0.026442307692307692 0.07692307692307693
0 0.20673076923076922 0.5168269230769231 0.02403846153846154 0.04807692307692308
0 0.014423076923076924 0.5228365384615384 0.028846153846153848 0.03365384615384615
0 0.04447115384615385 0.5480769230769231 0.014423076923076924 0.036057692307692304
0 0.17307692307692307 0.5865384615384616 0.028846153846153848 0.040865384615384616
0 0.28125 0.6105769230769231 0.02403846153846154 0.019230769230769232
0 0.22596153846153846 0.6129807692307693 0.021634615384615384 0.052884615384615384
0 0.7764423076923077 0.6298076923076923 0.028846153846153848 0.03365384615384615
0 0.7932692307692307 0.6490384615384616 0.016826923076923076 0.028846153846153848
0 0.43990384615384615 0.7211538461538461 0.03125 0.057692307692307696
0 0.9471153846153846 0.7319711538461539 0.019230769230769232 0.052884615384615384
0 0.8461538461538461 0.7331730769230769 0.019230769230769232 0.02403846153846154
0 0.9675480769230769 0.75 0.03365384615384615 0.04807692307692308
0 0.2091346153846154 0.7403846153846154 0.03365384615384615 0.04567307692307692
0 0.6466346153846154 0.7608173076923077 0.03125 0.06490384615384616
0 0.796875 0.7932692307692307 0.014423076923076924 0.038461538461538464
0 0.27163461538461536 0.7896634615384616 0.03365384615384615 0.05048076923076923
0 0.9591346153846154 0.8125 0.038461538461538464 0.03365384615384615
0 0.8870192307692307 0.8149038461538461 0.038461538461538464 0.04567307692307692
0 0.3389423076923077 0.8401442307692307 0.036057692307692304 0.038461538461538464
0 0.8233173076923077 0.8485576923076923 0.02403846153846154 0.052884615384615384
0 0.6826923076923077 0.953125 0.02403846153846154 0.05048076923076923