0 0.8581730769230769 0.056490384615384616 0.004807692307692308 0.007211538461538462
0 0.8569711538461539 0.08052884615384616 0.004807692307692308 0.009615384615384616
0 0.8774038461538461 0.1346153846153846 0.004807692307692308 0.009615384615384616
0 0.8858173076923077 0.14182692307692307 0.002403846153846154 0.004807692307692308
0 0.8882211538461539 0.15384615384615385 0.004807692307692308 0.007211538461538462
0 0.8798076923076923 0.15745192307692307 0.004807692307692308 0.004807692307692308
0 0.8954326923076923 0.15504807692307693 0.004807692307692308 0.004807692307692308
0 0.8966346153846154 0.15985576923076922 0.002403846153846154 0.004807692307692308
0 0.8882211538461539 0.1658653846153846 0.004807692307692308 0.009615384615384616
0 0.8966346153846154 0.16466346153846154 0.004807692307692308 0.004807692307692308
0 0.8966346153846154 0.16947115384615385 0.007211538461538462 0.004807692307692308