0 0.002403846153846154 0.23076923076923078 0.004807692307692308 0.007211538461538462
0 0.010817307692307692 0.2512019230769231 0.004807692307692308 0.009615384615384616
0 0.01201923076923077 0.3088942307692308 0.004807692307692308 0.009615384615384616
0 0.008413461538461538 0.31850961538461536 0.002403846153846154 0.004807692307692308
0 0.008413461538461538 0.3293269230769231 0.004807692307692308 0.007211538461538462
0 0.019230769230769232 0.33052884615384615 0.004807692307692308 0.004807692307692308
0 0.004807692307692308 0.3329326923076923 0.004807692307692308 0.004807692307692308
0 0.003605769230769231 0.3389423076923077 0.002403846153846154 0.004807692307692308
0 0.013221153846153846 0.34134615384615385 0.004807692307692308 0.007211538461538462
0 0.004807692307692308 0.34375 0.004807692307692308 0.004807692307692308
0 0.007211538461538462 0.3485576923076923 0.007211538461538462 0.004807692307692308