0 0.7415865384615384 0.6334134615384616 0.026442307692307692 0.04807692307692308
0 0.9435096153846154 0.6430288461538461 0.02403846153846154 0.03365384615384615
0 0.7439903846153846 0.7271634615384616 0.019230769230769232 0.028846153846153848
0 0.8197115384615384 0.7319711538461539 0.009615384615384616 0.02403846153846154
0 0.4699519230769231 0.7824519230769231 0.026442307692307692 0.02403846153846154
0 0.7524038461538461 0.7620192307692307 0.014423076923076924 0.036057692307692304
0 0.8088942307692307 0.7716346153846154 0.009615384615384616 0.019230769230769232
0 0.7848557692307693 0.7752403846153846 0.021634615384615384 0.014423076923076924
0 0.78125 0.8028846153846154 0.014423076923076924 0.026442307692307692
0 0.8533653846153846 0.8197115384615384 0.028846153846153848 0.036057692307692304
0 0.6838942307692307 0.8521634615384616 0.03365384615384615 0.02403846153846154
0 0.609375 0.9831730769230769 0.019230769230769232 0.014423076923076924
0 0.9591346153846154 0.37259615384615385 0.026442307692307692 0.021634615384615384
0 0.984375 0.390625 0.01201923076923077 0.014423076923076924