0 0.328125 0.5877403846153846 0.021634615384615384 0.038461538461538464
0 0.16947115384615385 0.6262019230769231 0.019230769230769232 0.026442307692307692
0 0.34134615384615385 0.6634615384615384 0.016826923076923076 0.021634615384615384
0 0.2824519230769231 0.6778846153846154 0.007211538461538462 0.019230769230769232
0 0.5673076923076923 0.6646634615384616 0.021634615384615384 0.019230769230769232
0 0.3389423076923077 0.6923076923076923 0.009615384615384616 0.028846153846153848
0 0.2956730769230769 0.7079326923076923 0.007211538461538462 0.016826923076923076
0 0.3161057692307692 0.7079326923076923 0.016826923076923076 0.009615384615384616
0 0.3233173076923077 0.7295673076923077 0.01201923076923077 0.021634615384615384
0 0.26802884615384615 0.7536057692307693 0.021634615384615384 0.028846153846153848
0 0.4074519230769231 0.7524038461538461 0.02403846153846154 0.019230769230769232
0 0.48677884615384615 0.8473557692307693 0.014423076923076924 0.014423076923076924
0 0.6382211538461539 0.9146634615384616 0.016826923076923076 0.03365384615384615
0 0.7247596153846154 0.9447115384615384 0.019230769230769232 0.016826923076923076
0 0.11538461538461539 0.41346153846153844 0.019230769230769232 0.016826923076923076
0 0.09735576923076923 0.4326923076923077 0.009615384615384616 0.01201923076923077
0 0.06971153846153846 0.48677884615384615 0.021634615384615384 0.019230769230769232
0 0.09254807692307693 0.5300480769230769 0.016826923076923076 0.026442307692307692