0 0.3161057692307692 0.5793269230769231 0.021634615384615384 0.040865384615384616
0 0.15745192307692307 0.6201923076923077 0.019230769230769232 0.026442307692307692
0 0.33052884615384615 0.6538461538461539 0.016826923076923076 0.021634615384615384
0 0.27163461538461536 0.6694711538461539 0.007211538461538462 0.019230769230769232
0 0.5552884615384616 0.6502403846153846 0.021634615384615384 0.019230769230769232
0 0.3293269230769231 0.6814903846153846 0.01201923076923077 0.028846153846153848
0 0.2848557692307692 0.6995192307692307 0.009615384615384616 0.016826923076923076
0 0.30528846153846156 0.6983173076923077 0.016826923076923076 0.01201923076923077
0 0.3125 0.7199519230769231 0.01201923076923077 0.021634615384615384
0 0.25841346153846156 0.7451923076923077 0.021634615384615384 0.028846153846153848
0 0.39783653846153844 0.7415865384615384 0.026442307692307692 0.019230769230769232
0 0.4795673076923077 0.8365384615384616 0.014423076923076924 0.014423076923076924
0 0.6310096153846154 0.9002403846153846 0.019230769230769232 0.036057692307692304
0 0.71875 0.9290865384615384 0.019230769230769232 0.016826923076923076
0 0.09975961538461539 0.40865384615384615 0.019230769230769232 0.016826923076923076
0 0.08173076923076923 0.42788461538461536 0.009615384615384616 0.01201923076923077
0 0.055288461538461536 0.4807692307692308 0.021634615384615384 0.019230769230769232
0 0.078125 0.5252403846153846 0.016826923076923076 0.028846153846153848