0 0.5492788461538461 0.20552884615384615 0.02403846153846154 0.021634615384615384
0 0.4098557692307692 0.2512019230769231 0.016826923076923076 0.038461538461538464
0 0.13341346153846154 0.2548076923076923 0.014423076923076924 0.016826923076923076
0 0.14903846153846154 0.2608173076923077 0.026442307692307692 0.019230769230769232
0 0.10697115384615384 0.25721153846153844 0.019230769230769232 0.016826923076923076
0 0.17548076923076922 0.27163461538461536 0.021634615384615384 0.016826923076923076
0 0.038461538461538464 0.2608173076923077 0.016826923076923076 0.019230769230769232
0 0.06610576923076923 0.265625 0.026442307692307692 0.019230769230769232
0 0.04447115384615385 0.2704326923076923 0.019230769230769232 0.014423076923076924
0 0.5084134615384616 0.421875 0.019230769230769232 0.019230769230769232
0 0.5444711538461539 0.44350961538461536 0.021634615384615384 0.021634615384615384
0 0.7115384615384616 0.4987980769230769 0.02403846153846154 0.019230769230769232
0 0.7475961538461539 0.515625 0.019230769230769232 0.014423076923076924
0 0.5697115384615384 0.4963942307692308 0.014423076923076924 0.028846153846153848
0 0.7740384615384616 0.53125 0.03125 0.026442307692307692
0 0.7956730769230769 0.5612980769230769 0.028846153846153848 0.026442307692307692