0 0.46875 0.18990384615384615 0.021634615384615384 0.021634615384615384
0 0.6069711538461539 0.25240384615384615 0.01201923076923077 0.038461538461538464
0 0.8870192307692307 0.29086538461538464 0.014423076923076924 0.014423076923076924
0 0.8713942307692307 0.29447115384615385 0.026442307692307692 0.016826923076923076
0 0.9158653846153846 0.2980769230769231 0.019230769230769232 0.014423076923076924
0 0.8425480769230769 0.30288461538461536 0.021634615384615384 0.014423076923076924
0 0.9855769230769231 0.3088942307692308 0.01201923076923077 0.016826923076923076
0 0.9555288461538461 0.31009615384615385 0.026442307692307692 0.016826923076923076
0 0.9771634615384616 0.31850961538461536 0.019230769230769232 0.01201923076923077
0 0.4831730769230769 0.41466346153846156 0.016826923076923076 0.019230769230769232
0 0.44350961538461536 0.4338942307692308 0.019230769230769232 0.019230769230769232
0 0.265625 0.4675480769230769 0.02403846153846154 0.019230769230769232
0 0.2247596153846154 0.48197115384615385 0.019230769230769232 0.01201923076923077
0 0.4110576923076923 0.484375 0.009615384615384616 0.03125
0 0.19831730769230768 0.49399038461538464 0.028846153846153848 0.021634615384615384
0 0.17067307692307693 0.5216346153846154 0.026442307692307692 0.021634615384615384