0 0.5733173076923077 0.2091346153846154 0.02403846153846154 0.02403846153846154
0 0.4266826923076923 0.2439903846153846 0.019230769230769232 0.040865384615384616
0 0.14543269230769232 0.2283653846153846 0.016826923076923076 0.016826923076923076
0 0.15865384615384615 0.23557692307692307 0.028846153846153848 0.021634615384615384
0 0.11658653846153846 0.2283653846153846 0.021634615384615384 0.019230769230769232
0 0.18629807692307693 0.24879807692307693 0.021634615384615384 0.019230769230769232
0 0.051682692307692304 0.2283653846153846 0.009615384615384616 0.019230769230769232
0 0.07572115384615384 0.234375 0.028846153846153848 0.021634615384615384
0 0.054086538461538464 0.23918269230769232 0.016826923076923076 0.014423076923076924
0 0.5168269230769231 0.42788461538461536 0.021634615384615384 0.021634615384615384
0 0.5516826923076923 0.4519230769230769 0.02403846153846154 0.02403846153846154
0 0.71875 0.5180288461538461 0.026442307692307692 0.021634615384615384
0 0.7560096153846154 0.5408653846153846 0.019230769230769232 0.016826923076923076
0 0.5733173076923077 0.5072115384615384 0.016826923076923076 0.03125
0 0.7800480769230769 0.5576923076923077 0.03365384615384615 0.026442307692307692
0 0.8016826923076923 0.5889423076923077 0.028846153846153848 0.026442307692307692