0 0.4675480769230769 0.5420673076923077 0.009615384615384616 0.036057692307692304
0 0.06370192307692307 0.5612980769230769 0.019230769230769232 0.036057692307692304
0 0.47596153846153844 0.578125 0.02403846153846154 0.026442307692307692
0 0.4579326923076923 0.5961538461538461 0.014423076923076924 0.01201923076923077
0 0.26322115384615385 0.6622596153846154 0.019230769230769232 0.01201923076923077
0 0.1466346153846154 0.7055288461538461 0.016826923076923076 0.01201923076923077
0 0.28846153846153844 0.7043269230769231 0.016826923076923076 0.026442307692307692
0 0.1346153846153846 0.7139423076923077 0.028846153846153848 0.038461538461538464
0 0.20673076923076922 0.7391826923076923 0.009615384615384616 0.03365384615384615
0 0.109375 0.7596153846153846 0.019230769230769232 0.036057692307692304
0 0.17307692307692307 0.7584134615384616 0.021634615384615384 0.01201923076923077
0 0.1935096153846154 0.7740384615384616 0.016826923076923076 0.01201923076923077
0 0.3125 0.7740384615384616 0.016826923076923076 0.009615384615384616
0 0.15745192307692307 0.7932692307692307 0.01201923076923077 0.019230769230769232
0 0.2091346153846154 0.796875 0.014423076923076924 0.019230769230769232
0 0.2920673076923077 0.8317307692307693 0.014423076923076924 0.03365384615384615
0 0.39302884615384615 0.8545673076923077 0.009615384615384616 0.04567307692307692
0 0.19471153846153846 0.8653846153846154 0.016826923076923076 0.009615384615384616
0 0.3762019230769231 0.8774038461538461 0.016826923076923076 0.019230769230769232
0 0.1201923076923077 0.9771634615384616 0.03365384615384615 0.021634615384615384
0 0.36177884615384615 0.31490384615384615 0.01201923076923077 0.01201923076923077
0 0.4879807692307692 0.43028846153846156 0.028846153846153848 0.028846153846153848
0 0.5733173076923077 0.44711538461538464 0.03125 0.04567307692307692
0 0.4230769230769231 0.47475961538461536 0.019230769230769232 0.03365384615384615
0 0.5228365384615384 0.5036057692307693 0.02403846153846154 0.026442307692307692
0 0.44471153846153844 0.5132211538461539 0.014423076923076924 0.019230769230769232
0 0.9795673076923077 0.5048076923076923 0.036057692307692304 0.019230769230769232