0 0.47836538461538464 0.5552884615384616 0.01201923076923077 0.036057692307692304
0 0.09375 0.6262019230769231 0.021634615384615384 0.036057692307692304
0 0.49158653846153844 0.5877403846153846 0.028846153846153848 0.03125
0 0.47596153846153844 0.609375 0.014423076923076924 0.01201923076923077
0 0.2980769230769231 0.6971153846153846 0.021634615384615384 0.01201923076923077
0 0.1935096153846154 0.7548076923076923 0.016826923076923076 0.01201923076923077
0 0.3293269230769231 0.734375 0.019230769230769232 0.026442307692307692
0 0.18389423076923078 0.7632211538461539 0.03365384615384615 0.040865384615384616
0 0.2548076923076923 0.7776442307692307 0.014423076923076924 0.03125
0 0.1658653846153846 0.8112980769230769 0.021634615384615384 0.036057692307692304
0 0.22596153846153846 0.8004807692307693 0.021634615384615384 0.014423076923076924
0 0.24759615384615385 0.8125 0.016826923076923076 0.01201923076923077
0 0.3605769230769231 0.796875 0.016826923076923076 0.01201923076923077
0 0.21634615384615385 0.8353365384615384 0.014423076923076924 0.019230769230769232
0 0.265625 0.8329326923076923 0.014423076923076924 0.019230769230769232
0 0.3485576923076923 0.8557692307692307 0.016826923076923076 0.03365384615384615
0 0.4495192307692308 0.8641826923076923 0.016826923076923076 0.04326923076923077
0 0.2620192307692308 0.9002403846153846 0.016826923076923076 0.01201923076923077
0 0.43509615384615385 0.8870192307692307 0.019230769230769232 0.021634615384615384
0 0.34615384615384615 0.35216346153846156 0.01201923076923077 0.01201923076923077
0 0.48197115384615385 0.44591346153846156 0.03125 0.03125
0 0.5673076923076923 0.4495192307692308 0.036057692307692304 0.04807692307692308
0 0.4266826923076923 0.49759615384615385 0.021634615384615384 0.03365384615384615
0 0.5252403846153846 0.5120192307692307 0.026442307692307692 0.026442307692307692
0 0.453125 0.5288461538461539 0.016826923076923076 0.019230769230769232
0 0.9627403846153846 0.45072115384615385 0.036057692307692304 0.021634615384615384