0 0.5528846153846154 0.5396634615384616 0.014423076923076924 0.038461538461538464
0 0.9723557692307693 0.47716346153846156 0.02403846153846154 0.040865384615384616
0 0.5504807692307693 0.5769230769230769 0.028846153846153848 0.03125
0 0.5733173076923077 0.59375 0.016826923076923076 0.014423076923076924
0 0.7872596153846154 0.6225961538461539 0.021634615384615384 0.014423076923076924
0 0.9158653846153846 0.6430288461538461 0.016826923076923076 0.014423076923076924
0 0.7692307692307693 0.6706730769230769 0.021634615384615384 0.028846153846153848
0 0.9290865384615384 0.6502403846153846 0.036057692307692304 0.04326923076923077
0 0.8605769230769231 0.6899038461538461 0.014423076923076924 0.03365384615384615
0 0.9651442307692307 0.6911057692307693 0.02403846153846154 0.038461538461538464
0 0.8990384615384616 0.703125 0.02403846153846154 0.016826923076923076
0 0.8810096153846154 0.7235576923076923 0.019230769230769232 0.014423076923076924
0 0.7596153846153846 0.7463942307692307 0.016826923076923076 0.01201923076923077
0 0.9206730769230769 0.7355769230769231 0.014423076923076924 0.021634615384615384
0 0.8677884615384616 0.75 0.016826923076923076 0.019230769230769232
0 0.7920673076923077 0.8028846153846154 0.019230769230769232 0.036057692307692304
0 0.6911057692307693 0.8473557692307693 0.016826923076923076 0.04807692307692308
0 0.8966346153846154 0.8185096153846154 0.019230769230769232 0.01201923076923077
0 0.7139423076923077 0.8665865384615384 0.021634615384615384 0.021634615384615384
0 0.9867788461538461 0.9182692307692307 0.021634615384615384 0.028846153846153848
0 0.6165865384615384 0.2848557692307692 0.01201923076923077 0.01201923076923077
0 0.5096153846153846 0.42788461538461536 0.03365384615384615 0.03365384615384615
0 0.42427884615384615 0.46153846153846156 0.036057692307692304 0.052884615384615384
0 0.5841346153846154 0.46153846153846156 0.02403846153846154 0.036057692307692304
0 0.4879807692307692 0.5108173076923077 0.028846153846153848 0.03125
0 0.5697115384615384 0.5036057692307693 0.019230769230769232 0.021634615384615384
0 0.02283653846153846 0.6021634615384616 0.028846153846153848 0.021634615384615384