0 0.42427884615384615 0.7235576923076923 0.036057692307692304 0.038461538461538464
0 0.4254807692307692 0.8016826923076923 0.028846153846153848 0.04807692307692308
0 0.48197115384615385 0.7932692307692307 0.014423076923076924 0.026442307692307692
0 0.4699519230769231 0.8088942307692307 0.026442307692307692 0.026442307692307692
0 0.36658653846153844 0.8545673076923077 0.014423076923076924 0.03125
0 0.5012019230769231 0.8329326923076923 0.016826923076923076 0.028846153846153848
0 0.3485576923076923 0.8725961538461539 0.026442307692307692 0.04567307692307692
0 0.44591346153846156 0.8569711538461539 0.01201923076923077 0.02403846153846154
0 0.6526442307692307 0.8449519230769231 0.019230769230769232 0.028846153846153848
0 0.6935096153846154 0.8401442307692307 0.02403846153846154 0.04807692307692308
0 0.6802884615384616 0.15745192307692307 0.021634615384615384 0.04567307692307692
0 0.44711538461538464 0.27163461538461536 0.02403846153846154 0.016826923076923076