0 0.2704326923076923 0.6346153846153846 0.036057692307692304 0.038461538461538464
0 0.2548076923076923 0.7211538461538461 0.02403846153846154 0.05048076923076923
0 0.31971153846153844 0.7259615384615384 0.01201923076923077 0.028846153846153848
0 0.30288461538461536 0.7391826923076923 0.026442307692307692 0.028846153846153848
0 0.17668269230769232 0.7668269230769231 0.009615384615384616 0.03365384615384615
0 0.3317307692307692 0.7740384615384616 0.014423076923076924 0.028846153846153848
0 0.15384615384615385 0.7836538461538461 0.02403846153846154 0.04807692307692308
0 0.265625 0.7884615384615384 0.009615384615384616 0.028846153846153848
0 0.49759615384615385 0.8197115384615384 0.016826923076923076 0.03125
0 0.5432692307692307 0.8245192307692307 0.019230769230769232 0.052884615384615384
0 0.33774038461538464 0.9831730769230769 0.02403846153846154 0.028846153846153848
0 0.11177884615384616 0.9867788461538461 0.014423076923076924 0.007211538461538462
0 0.6754807692307693 0.06129807692307692 0.016826923076923076 0.05048076923076923
0 0.39302884615384615 0.13822115384615385 0.02403846153846154 0.016826923076923076