0 0.578125 0.7235576923076923 0.03365384615384615 0.036057692307692304
0 0.5745192307692307 0.7944711538461539 0.026442307692307692 0.04567307692307692
0 0.5216346153846154 0.7860576923076923 0.014423076923076924 0.02403846153846154
0 0.5324519230769231 0.8004807692307693 0.02403846153846154 0.026442307692307692
0 0.6286057692307693 0.8449519230769231 0.014423076923076924 0.028846153846153848
0 0.5036057692307693 0.8221153846153846 0.014423076923076924 0.026442307692307692
0 0.6430288461538461 0.8617788461538461 0.026442307692307692 0.04326923076923077
0 0.5528846153846154 0.8449519230769231 0.01201923076923077 0.021634615384615384
0 0.3641826923076923 0.8269230769230769 0.019230769230769232 0.026442307692307692
0 0.3269230769230769 0.8233173076923077 0.02403846153846154 0.04326923076923077
0 0.46033653846153844 0.9855769230769231 0.026442307692307692 0.02403846153846154
0 0.3605769230769231 0.1935096153846154 0.021634615384615384 0.04326923076923077
0 0.5721153846153846 0.3076923076923077 0.021634615384615384 0.016826923076923076