0 0.5564903846153846 0.453125 0.038461538461538464 0.03125
0 0.4567307692307692 0.484375 0.040865384615384616 0.03125
0 0.5973557692307693 0.4723557692307692 0.019230769230769232 0.040865384615384616
0 0.5180288461538461 0.49759615384615385 0.014423076923076924 0.028846153846153848
0 0.6418269230769231 0.5168269230769231 0.026442307692307692 0.03125
0 0.6670673076923077 0.5372596153846154 0.019230769230769232 0.01201923076923077
0 0.8713942307692307 0.5036057692307693 0.03125 0.038461538461538464
0 0.3954326923076923 0.6382211538461539 0.03125 0.036057692307692304
0 0.6298076923076923 0.5877403846153846 0.038461538461538464 0.03125
0 0.796875 0.5913461538461539 0.021634615384615384 0.026442307692307692
0 0.7608173076923077 0.6514423076923077 0.03365384615384615 0.026442307692307692
0 0.4579326923076923 0.7379807692307693 0.01201923076923077 0.02403846153846154
0 0.7860576923076923 0.71875 0.016826923076923076 0.03125
0 0.46033653846153844 0.8016826923076923 0.028846153846153848 0.040865384615384616
0 0.7764423076923077 0.7367788461538461 0.02403846153846154 0.03365384615384615
0 0.6899038461538461 0.7692307692307693 0.02403846153846154 0.038461538461538464
0 0.7776442307692307 0.7608173076923077 0.014423076923076924 0.014423076923076924
0 0.4375 0.8894230769230769 0.016826923076923076 0.03125
0 0.5132211538461539 0.8822115384615384 0.03125 0.036057692307692304
0 0.7115384615384616 0.8461538461538461 0.02403846153846154 0.028846153846153848
0 0.8365384615384616 0.8221153846153846 0.026442307692307692 0.021634615384615384
0 0.8942307692307693 0.828125 0.014423076923076924 0.036057692307692304
0 0.7259615384615384 0.8786057692307693 0.026442307692307692 0.019230769230769232
0 0.8401442307692307 0.8545673076923077 0.016826923076923076 0.028846153846153848
0 0.44471153846153844 0.9435096153846154 0.019230769230769232 0.026442307692307692
0 0.8521634615384616 0.8665865384615384 0.014423076923076924 0.02403846153846154
0 0.44591346153846156 0.9591346153846154 0.02403846153846154 0.021634615384615384
0 0.7944711538461539 0.8858173076923077 0.02403846153846154 0.040865384615384616
0 0.859375 0.8737980769230769 0.019230769230769232 0.04326923076923077
0 0.7884615384615384 0.8966346153846154 0.014423076923076924 0.019230769230769232
0 0.4807692307692308 0.9675480769230769 0.02403846153846154 0.03125
0 0.9074519230769231 0.8966346153846154 0.014423076923076924 0.03365384615384615
0 0.9242788461538461 0.9002403846153846 0.021634615384615384 0.040865384615384616
0 0.9591346153846154 0.8990384615384616 0.026442307692307692 0.028846153846153848