0 0.5600961538461539 0.48677884615384615 0.03365384615384615 0.02403846153846154
0 0.46033653846153844 0.49038461538461536 0.036057692307692304 0.02403846153846154
0 0.5925480769230769 0.5144230769230769 0.014423076923076924 0.038461538461538464
0 0.5144230769230769 0.5180288461538461 0.009615384615384616 0.026442307692307692
0 0.6213942307692307 0.5661057692307693 0.021634615384615384 0.028846153846153848
0 0.6394230769230769 0.5913461538461539 0.016826923076923076 0.009615384615384616
0 0.8317307692307693 0.6141826923076923 0.026442307692307692 0.03365384615384615
0 0.36658653846153844 0.6117788461538461 0.026442307692307692 0.03125
0 0.5925480769230769 0.6286057692307693 0.03365384615384615 0.026442307692307692
0 0.7415865384615384 0.6742788461538461 0.019230769230769232 0.02403846153846154
0 0.6947115384615384 0.71875 0.028846153846153848 0.021634615384615384
0 0.39783653846153844 0.71875 0.009615384615384616 0.021634615384615384
0 0.6995192307692307 0.7872596153846154 0.01201923076923077 0.028846153846153848
0 0.38341346153846156 0.7776442307692307 0.02403846153846154 0.036057692307692304
0 0.6862980769230769 0.8016826923076923 0.019230769230769232 0.028846153846153848
0 0.5997596153846154 0.8064903846153846 0.019230769230769232 0.03365384615384615
0 0.6814903846153846 0.8221153846153846 0.01201923076923077 0.01201923076923077
0 0.3401442307692308 0.8497596153846154 0.01201923076923077 0.026442307692307692
0 0.4110576923076923 0.8641826923076923 0.02403846153846154 0.03125
0 0.5985576923076923 0.8822115384615384 0.019230769230769232 0.02403846153846154
0 0.71875 0.8930288461538461 0.021634615384615384 0.019230769230769232
0 0.7692307692307693 0.9134615384615384 0.009615384615384616 0.03365384615384615
0 0.6033653846153846 0.9158653846153846 0.02403846153846154 0.016826923076923076
0 0.7139423076923077 0.9230769230769231 0.01201923076923077 0.026442307692307692
0 0.3317307692307692 0.9014423076923077 0.016826923076923076 0.021634615384615384
0 0.7199519230769231 0.9375 0.009615384615384616 0.021634615384615384
0 0.33052884615384615 0.9158653846153846 0.019230769230769232 0.016826923076923076
0 0.6634615384615384 0.9399038461538461 0.016826923076923076 0.036057692307692304
0 0.7259615384615384 0.9459134615384616 0.01201923076923077 0.040865384615384616
0 0.6550480769230769 0.9483173076923077 0.009615384615384616 0.016826923076923076
0 0.3581730769230769 0.9326923076923077 0.019230769230769232 0.026442307692307692
0 0.7632211538461539 0.9783653846153846 0.009615384615384616 0.03125
0 0.7764423076923077 0.9819711538461539 0.019230769230769232 0.03125
0 0.8088942307692307 0.9903846153846154 0.021634615384615384 0.014423076923076924
0 0.4699519230769231 0.9951923076923077 0.014423076923076924 0.004807692307692308