0 0.546875 0.3894230769230769 0.04326923076923077 0.03365384615384615
0 0.43509615384615385 0.42427884615384615 0.04567307692307692 0.036057692307692304
0 0.5925480769230769 0.4098557692307692 0.021634615384615384 0.04567307692307692
0 0.5048076923076923 0.4387019230769231 0.016826923076923076 0.03125
0 0.6418269230769231 0.45913461538461536 0.028846153846153848 0.036057692307692304
0 0.6694711538461539 0.48197115384615385 0.019230769230769232 0.014423076923076924
0 0.8966346153846154 0.44471153846153844 0.03365384615384615 0.04326923076923077
0 0.36778846153846156 0.59375 0.036057692307692304 0.040865384615384616
0 0.6286057692307693 0.5384615384615384 0.04326923076923077 0.036057692307692304
0 0.8137019230769231 0.5420673076923077 0.026442307692307692 0.03125
0 0.7740384615384616 0.6081730769230769 0.036057692307692304 0.028846153846153848
0 0.4375 0.703125 0.014423076923076924 0.026442307692307692
0 0.8016826923076923 0.6838942307692307 0.019230769230769232 0.03365384615384615
0 0.4411057692307692 0.7752403846153846 0.03365384615384615 0.04326923076923077
0 0.7908653846153846 0.7043269230769231 0.028846153846153848 0.036057692307692304
0 0.6959134615384616 0.7379807692307693 0.028846153846153848 0.040865384615384616
0 0.7932692307692307 0.7283653846153846 0.016826923076923076 0.014423076923076924
0 0.41586538461538464 0.8713942307692307 0.019230769230769232 0.03365384615384615
0 0.4987980769230769 0.8653846153846154 0.03365384615384615 0.040865384615384616
0 0.71875 0.8245192307692307 0.026442307692307692 0.03125
0 0.8569711538461539 0.7992788461538461 0.028846153846153848 0.02403846153846154
0 0.9206730769230769 0.8040865384615384 0.016826923076923076 0.038461538461538464
0 0.7355769230769231 0.8605769230769231 0.028846153846153848 0.02403846153846154
0 0.8617788461538461 0.8329326923076923 0.019230769230769232 0.03365384615384615
0 0.421875 0.9314903846153846 0.02403846153846154 0.028846153846153848
0 0.875 0.8461538461538461 0.016826923076923076 0.026442307692307692
0 0.42427884615384615 0.9495192307692307 0.026442307692307692 0.021634615384615384
0 0.8100961538461539 0.8689903846153846 0.02403846153846154 0.04326923076923077
0 0.8834134615384616 0.8545673076923077 0.021634615384615384 0.04807692307692308
0 0.8040865384615384 0.8810096153846154 0.014423076923076924 0.021634615384615384
0 0.46274038461538464 0.9591346153846154 0.028846153846153848 0.036057692307692304
0 0.9375 0.8798076923076923 0.016826923076923076 0.036057692307692304
0 0.9555288461538461 0.8846153846153846 0.02403846153846154 0.04567307692307692
0 0.9891826923076923 0.8882211538461539 0.016826923076923076 0.040865384615384616