0 0.2776442307692308 0.5600961538461539 0.021634615384615384 0.014423076923076924
0 0.296875 0.6322115384615384 0.014423076923076924 0.052884615384615384
0 0.32211538461538464 0.6334134615384616 0.02403846153846154 0.016826923076923076
0 0.5685096153846154 0.7379807692307693 0.019230769230769232 0.040865384615384616
0 0.41466346153846156 0.8233173076923077 0.026442307692307692 0.028846153846153848
0 0.6237980769230769 0.8762019230769231 0.02403846153846154 0.040865384615384616
0 0.6370192307692307 0.8882211538461539 0.009615384615384616 0.02403846153846154
0 0.078125 0.9194711538461539 0.014423076923076924 0.03365384615384615
0 0.3545673076923077 0.9122596153846154 0.01201923076923077 0.02403846153846154
0 0.6310096153846154 0.9146634615384616 0.028846153846153848 0.016826923076923076
0 0.5600961538461539 0.9338942307692307 0.014423076923076924 0.02403846153846154
0 0.5072115384615384 0.9795673076923077 0.014423076923076924 0.014423076923076924
0 0.8233173076923077 0.9663461538461539 0.016826923076923076 0.03365384615384615
0 0.0733173076923077 0.1971153846153846 0.009615384615384616 0.026442307692307692
0 0.1346153846153846 0.21394230769230768 0.016826923076923076 0.026442307692307692
0 0.3016826923076923 0.20552884615384615 0.016826923076923076 0.016826923076923076
0 0.05048076923076923 0.22956730769230768 0.009615384615384616 0.026442307692307692
0 0.08173076923076923 0.24639423076923078 0.004807692307692308 0.02403846153846154
0 0.04447115384615385 0.25 0.009615384615384616 0.016826923076923076
0 0.359375 0.23798076923076922 0.016826923076923076 0.01201923076923077
0 0.3425480769230769 0.37259615384615385 0.009615384615384616 0.028846153846153848
0 0.27884615384615385 0.39783653846153844 0.009615384615384616 0.040865384615384616
0 0.5084134615384616 0.5 0.03125 0.019230769230769232