0 0.2920673076923077 0.49038461538461536 0.021634615384615384 0.016826923076923076
0 0.28725961538461536 0.5588942307692307 0.02403846153846154 0.04807692307692308
0 0.3088942307692308 0.5673076923076923 0.02403846153846154 0.019230769230769232
0 0.4951923076923077 0.7259615384615384 0.02403846153846154 0.040865384615384616
0 0.33653846153846156 0.7572115384615384 0.028846153846153848 0.028846153846153848
0 0.5024038461538461 0.8617788461538461 0.028846153846153848 0.040865384615384616
0 0.5108173076923077 0.8774038461538461 0.014423076923076924 0.02403846153846154
0 0.018028846153846152 0.7451923076923077 0.019230769230769232 0.03125
0 0.25961538461538464 0.8173076923076923 0.014423076923076924 0.02403846153846154
0 0.4987980769230769 0.8978365384615384 0.028846153846153848 0.021634615384615384
0 0.43149038461538464 0.8942307692307693 0.016826923076923076 0.02403846153846154
0 0.37259615384615385 0.9194711538461539 0.014423076923076924 0.014423076923076924
0 0.6490384615384616 0.9891826923076923 0.028846153846153848 0.016826923076923076
0 0.054086538461538464 0.8653846153846154 0.019230769230769232 0.021634615384615384
0 0.17668269230769232 0.9254807692307693 0.016826923076923076 0.01201923076923077
0 0.21634615384615385 0.11899038461538461 0.014423076923076924 0.02403846153846154
0 0.265625 0.1502403846153846 0.019230769230769232 0.026442307692307692
0 0.41225961538461536 0.18990384615384615 0.019230769230769232 0.019230769230769232
0 0.1875 0.13942307692307693 0.01201923076923077 0.02403846153846154
0 0.21033653846153846 0.16346153846153846 0.009615384615384616 0.021634615384615384
0 0.17668269230769232 0.15504807692307693 0.01201923076923077 0.016826923076923076
0 0.4543269230769231 0.234375 0.014423076923076924 0.01201923076923077
0 0.4014423076923077 0.3449519230769231 0.014423076923076924 0.026442307692307692
0 0.3389423076923077 0.35096153846153844 0.016826923076923076 0.038461538461538464
0 0.5084134615384616 0.5036057692307693 0.03125 0.021634615384615384