0 0.6622596153846154 0.6165865384615384 0.02403846153846154 0.016826923076923076
0 0.65625 0.6971153846153846 0.016826923076923076 0.057692307692307696
0 0.6286057692307693 0.7043269230769231 0.026442307692307692 0.019230769230769232
0 0.38221153846153844 0.8557692307692307 0.021634615384615384 0.04567307692307692
0 0.5625 0.9206730769230769 0.03125 0.03125
0 0.3485576923076923 0.9939903846153846 0.028846153846153848 0.007211538461538462
0 0.9338942307692307 0.9519230769230769 0.014423076923076924 0.009615384615384616
0 0.8197115384615384 0.1971153846153846 0.01201923076923077 0.028846153846153848
0 0.7572115384615384 0.22355769230769232 0.019230769230769232 0.03125
0 0.578125 0.24519230769230768 0.019230769230769232 0.019230769230769232
0 0.8497596153846154 0.22716346153846154 0.01201923076923077 0.028846153846153848
0 0.8185096153846154 0.2512019230769231 0.007211538461538462 0.026442307692307692
0 0.859375 0.24759615384615385 0.01201923076923077 0.019230769230769232
0 0.5216346153846154 0.28725961538461536 0.016826923076923076 0.01201923076923077
0 0.5625 0.42788461538461536 0.01201923076923077 0.03125
0 0.6346153846153846 0.44591346153846156 0.01201923076923077 0.04567307692307692
0 0.40865384615384615 0.5925480769230769 0.03365384615384615 0.021634615384615384