0 0.12740384615384615 0.6262019230769231 0.01201923076923077 0.01201923076923077
0 0.06009615384615385 0.6526442307692307 0.01201923076923077 0.009615384615384616
0 0.04567307692307692 0.6694711538461539 0.016826923076923076 0.01201923076923077
0 0.13341346153846154 0.6694711538461539 0.004807692307692308 0.019230769230769232
0 0.13221153846153846 0.7223557692307693 0.014423076923076924 0.01201923076923077
0 0.21875 0.7235576923076923 0.014423076923076924 0.01201923076923077
0 0.08413461538461539 0.7307692307692307 0.009615384615384616 0.02403846153846154
0 0.10096153846153846 0.7632211538461539 0.01201923076923077 0.019230769230769232
0 0.17307692307692307 0.7620192307692307 0.007211538461538462 0.01201923076923077
0 0.18269230769230768 0.7740384615384616 0.01201923076923077 0.026442307692307692
0 0.12379807692307693 0.7776442307692307 0.007211538461538462 0.016826923076923076
0 0.21995192307692307 0.7764423076923077 0.019230769230769232 0.009615384615384616
0 0.19591346153846154 0.7776442307692307 0.007211538461538462 0.016826923076923076
0 0.21033653846153846 0.7836538461538461 0.007211538461538462 0.01201923076923077
0 0.13942307692307693 0.7944711538461539 0.01201923076923077 0.01201923076923077
0 0.038461538461538464 0.8173076923076923 0.014423076923076924 0.016826923076923076
0 0.15625 0.8329326923076923 0 0.002403846153846154
0 0.1622596153846154 0.8389423076923077 0.016826923076923076 0.009615384615384616
0 0.18509615384615385 0.8521634615384616 0.007211538461538462 0.021634615384615384
0 0.46274038461538464 0.09014423076923077 0.01201923076923077 0.009615384615384616