0 0.13341346153846154 0.6274038461538461 0.01201923076923077 0.01201923076923077
0 0.0673076923076923 0.6538461538461539 0.01201923076923077 0.009615384615384616
0 0.052884615384615384 0.6706730769230769 0.016826923076923076 0.01201923076923077
0 0.13942307692307693 0.6694711538461539 0.004807692307692308 0.019230769230769232
0 0.13942307692307693 0.7235576923076923 0.014423076923076924 0.01201923076923077
0 0.22716346153846154 0.7223557692307693 0.014423076923076924 0.01201923076923077
0 0.09134615384615384 0.7331730769230769 0.009615384615384616 0.02403846153846154
0 0.109375 0.7632211538461539 0.01201923076923077 0.019230769230769232
0 0.18269230769230768 0.7620192307692307 0.007211538461538462 0.01201923076923077
0 0.18990384615384615 0.7752403846153846 0.01201923076923077 0.026442307692307692
0 0.1310096153846154 0.7788461538461539 0.007211538461538462 0.016826923076923076
0 0.22716346153846154 0.7752403846153846 0.019230769230769232 0.01201923076923077
0 0.203125 0.7776442307692307 0.007211538461538462 0.016826923076923076
0 0.21995192307692307 0.7824519230769231 0.007211538461538462 0.01201923076923077
0 0.14903846153846154 0.7944711538461539 0.01201923076923077 0.01201923076923077
0 0.04807692307692308 0.8197115384615384 0.014423076923076924 0.016826923076923076
0 0.1658653846153846 0.8329326923076923 0 0.002403846153846154
0 0.17307692307692307 0.8401442307692307 0.016826923076923076 0.009615384615384616
0 0.19471153846153846 0.8509615384615384 0.009615384615384616 0.021634615384615384
0 0.45913461538461536 0.08533653846153846 0.01201923076923077 0.009615384615384616