0 0.125 0.6310096153846154 0.014423076923076924 0.014423076923076924
0 0.054086538461538464 0.6646634615384616 0.014423076923076924 0.01201923076923077
0 0.039663461538461536 0.6814903846153846 0.019230769230769232 0.014423076923076924
0 0.13341346153846154 0.6778846153846154 0.004807692307692308 0.021634615384615384
0 0.13581730769230768 0.734375 0.016826923076923076 0.014423076923076924
0 0.22956730769230768 0.7307692307692307 0.014423076923076924 0.014423076923076924
0 0.08413461538461539 0.7463942307692307 0.01201923076923077 0.026442307692307692
0 0.10336538461538461 0.7788461538461539 0.014423076923076924 0.021634615384615384
0 0.1814903846153846 0.7740384615384616 0.009615384615384616 0.01201923076923077
0 0.19230769230769232 0.7872596153846154 0.014423076923076924 0.028846153846153848
0 0.12860576923076922 0.7944711538461539 0.009615384615384616 0.016826923076923076
0 0.23197115384615385 0.7872596153846154 0.019230769230769232 0.01201923076923077
0 0.20552884615384615 0.7896634615384616 0.009615384615384616 0.016826923076923076
0 0.22235576923076922 0.7944711538461539 0.009615384615384616 0.01201923076923077
0 0.14783653846153846 0.8100961538461539 0.01201923076923077 0.01201923076923077
0 0.042067307692307696 0.8425480769230769 0.014423076923076924 0.019230769230769232
0 0.16706730769230768 0.8521634615384616 0 0.002403846153846154
0 0.17548076923076922 0.8581730769230769 0.019230769230769232 0.009615384615384616
0 0.19951923076923078 0.8701923076923077 0.009615384615384616 0.021634615384615384
0 0.4543269230769231 0.037259615384615384 0.01201923076923077 0.009615384615384616