0 0.4338942307692308 0.6117788461538461 0.040865384615384616 0.04807692307692308
0 0.2608173076923077 0.09254807692307693 0.026442307692307692 0.05048076923076923
0 0.23918269230769232 0.21634615384615385 0.028846153846153848 0.04567307692307692
0 0.2283653846153846 0.23557692307692307 0.01201923076923077 0.028846153846153848
0 0.7475961538461539 0.16346153846153846 0.021634615384615384 0.040865384615384616
0 0.4963942307692308 0.20432692307692307 0.021634615384615384 0.03125
0 0.23798076923076922 0.25240384615384615 0.028846153846153848 0.03125
0 0.32091346153846156 0.2764423076923077 0.021634615384615384 0.04326923076923077
0 0.3557692307692308 0.296875 0.02403846153846154 0.019230769230769232
0 0.07211538461538461 0.33653846153846156 0.02403846153846154 0.05048076923076923
0 0.6947115384615384 0.27283653846153844 0.021634615384615384 0.03365384615384615
0 0.5625 0.3233173076923077 0.028846153846153848 0.04567307692307692
0 0.4987980769230769 0.36778846153846156 0.036057692307692304 0.05048076923076923