0 0.7307692307692307 0.030048076923076924 0.02403846153846154 0.036057692307692304
0 0.671875 0.036057692307692304 0.021634615384615384 0.028846153846153848
0 0.6117788461538461 0.1502403846153846 0.040865384615384616 0.028846153846153848
0 0.8413461538461539 0.2127403846153846 0.038461538461538464 0.055288461538461536
0 0.7848557692307693 0.2283653846153846 0.03125 0.021634615384615384
0 0.7415865384615384 0.2692307692307692 0.02403846153846154 0.05048076923076923
0 0.8100961538461539 0.3016826923076923 0.014423076923076924 0.03365384615384615
0 0.9483173076923077 0.3137019230769231 0.019230769230769232 0.057692307692307696
0 0.8954326923076923 0.328125 0.02403846153846154 0.036057692307692304
0 0.9411057692307693 0.38341346153846156 0.021634615384615384 0.04326923076923077
0 0.8569711538461539 0.46153846153846156 0.026442307692307692 0.06490384615384616