0 0.2860576923076923 0.09735576923076923 0.02403846153846154 0.03365384615384615
0 0.33774038461538464 0.0889423076923077 0.021634615384615384 0.026442307692307692
0 0.4182692307692308 0.17908653846153846 0.038461538461538464 0.028846153846153848
0 0.22716346153846154 0.2860576923076923 0.036057692307692304 0.052884615384615384
0 0.2824519230769231 0.28725961538461536 0.028846153846153848 0.019230769230769232
0 0.328125 0.3137019230769231 0.02403846153846154 0.04807692307692308
0 0.27403846153846156 0.359375 0.014423076923076924 0.03125
0 0.15384615384615385 0.40024038461538464 0.021634615384615384 0.052884615384615384
0 0.203125 0.4026442307692308 0.02403846153846154 0.03365384615384615
0 0.17427884615384615 0.46153846153846156 0.021634615384615384 0.040865384615384616
0 0.2692307692307692 0.5120192307692307 0.026442307692307692 0.06009615384615385