0 0.5949519230769231 0.08413461538461539 0.02403846153846154 0.036057692307692304
0 0.5372596153846154 0.09014423076923077 0.021634615384615384 0.028846153846153848
0 0.4735576923076923 0.20673076923076922 0.04326923076923077 0.03125
0 0.7091346153846154 0.2704326923076923 0.038461538461538464 0.055288461538461536
0 0.6502403846153846 0.2860576923076923 0.03125 0.021634615384615384
0 0.6081730769230769 0.328125 0.02403846153846154 0.05048076923076923
0 0.6778846153846154 0.36177884615384615 0.014423076923076924 0.03365384615384615
0 0.8173076923076923 0.3737980769230769 0.021634615384615384 0.057692307692307696
0 0.7632211538461539 0.38822115384615385 0.02403846153846154 0.036057692307692304
0 0.8112980769230769 0.44471153846153844 0.021634615384615384 0.04326923076923077
0 0.7247596153846154 0.5240384615384616 0.028846153846153848 0.0673076923076923