0 0.5745192307692307 0.6742788461538461 0.04326923076923077 0.052884615384615384
0 0.6201923076923077 0.0733173076923077 0.026442307692307692 0.055288461538461536
0 0.6778846153846154 0.19951923076923078 0.03125 0.05048076923076923
0 0.6923076923076923 0.21754807692307693 0.01201923076923077 0.03365384615384615
0 0.11778846153846154 0.2776442307692308 0.021634615384615384 0.04567307692307692
0 0.39903846153846156 0.25600961538461536 0.021634615384615384 0.03365384615384615
0 0.6875 0.23798076923076922 0.028846153846153848 0.03365384615384615
0 0.6057692307692307 0.2848557692307692 0.021634615384615384 0.04807692307692308
0 0.5733173076923077 0.3173076923076923 0.026442307692307692 0.021634615384615384
0 0.8882211538461539 0.28365384615384615 0.02403846153846154 0.055288461538461536
0 0.203125 0.3798076923076923 0.02403846153846154 0.036057692307692304
0 0.359375 0.40024038461538464 0.03125 0.04807692307692308
0 0.43990384615384615 0.43028846153846156 0.038461538461538464 0.052884615384615384