0 0.7079326923076923 0.6081730769230769 0.040865384615384616 0.05048076923076923
0 0.7548076923076923 0.02403846153846154 0.028846153846153848 0.04807692307692308
0 0.8100961538461539 0.14302884615384615 0.03125 0.05048076923076923
0 0.8257211538461539 0.16105769230769232 0.01201923076923077 0.03125
0 0.26322115384615385 0.21995192307692307 0.021634615384615384 0.04326923076923077
0 0.5372596153846154 0.19831730769230768 0.021634615384615384 0.03365384615384615
0 0.8209134615384616 0.1814903846153846 0.028846153846153848 0.03365384615384615
0 0.7391826923076923 0.22716346153846154 0.021634615384615384 0.04567307692307692
0 0.7091346153846154 0.25841346153846156 0.02403846153846154 0.019230769230769232
0 0.3473557692307692 0.31971153846153844 0.021634615384615384 0.036057692307692304
0 0.4987980769230769 0.3389423076923077 0.03125 0.04807692307692308
0 0.578125 0.3701923076923077 0.038461538461538464 0.052884615384615384