0 0.5060096153846154 0.18269230769230768 0.019230769230769232 0.03125
0 0.44350961538461536 0.3629807692307692 0.016826923076923076 0.02403846153846154
0 0.6826923076923077 0.42427884615384615 0.019230769230769232 0.03125
0 0.6875 0.42908653846153844 0.009615384615384616 0.01201923076923077
0 0.453125 0.43990384615384615 0.01201923076923077 0.03125
0 0.6935096153846154 0.49038461538461536 0.007211538461538462 0.014423076923076924
0 0.6862980769230769 0.49038461538461536 0.019230769230769232 0.038461538461538464
0 0.20793269230769232 0.4326923076923077 0.019230769230769232 0.021634615384615384
0 0.35216346153846156 0.4543269230769231 0.026442307692307692 0.019230769230769232
0 0.3389423076923077 0.47475961538461536 0.009615384615384616 0.019230769230769232
0 0.32211538461538464 0.47475961538461536 0.016826923076923076 0.036057692307692304
0 0.3004807692307692 0.4723557692307692 0.007211538461538462 0.016826923076923076
0 0.5192307692307693 0.5084134615384616 0.01201923076923077 0.021634615384615384
0 0.2848557692307692 0.49038461538461536 0.014423076923076924 0.021634615384615384
0 0.13701923076923078 0.48197115384615385 0.014423076923076924 0.02403846153846154
0 0.515625 0.5324519230769231 0.009615384615384616 0.026442307692307692
0 0.5444711538461539 0.5685096153846154 0.014423076923076924 0.021634615384615384
0 0.546875 0.5733173076923077 0.007211538461538462 0.007211538461538462
0 0.6009615384615384 0.6742788461538461 0.01201923076923077 0.019230769230769232