0 0.5048076923076923 0.15264423076923078 0.016826923076923076 0.028846153846153848
0 0.5396634615384616 0.33533653846153844 0.014423076923076924 0.021634615384615384
0 0.30408653846153844 0.3605769230769231 0.016826923076923076 0.028846153846153848
0 0.29927884615384615 0.3641826923076923 0.007211538461538462 0.01201923076923077
0 0.5216346153846154 0.4050480769230769 0.009615384615384616 0.028846153846153848
0 0.2848557692307692 0.421875 0.004807692307692308 0.014423076923076924
0 0.29086538461538464 0.4230769230769231 0.014423076923076924 0.036057692307692304
0 0.7560096153846154 0.4326923076923077 0.016826923076923076 0.019230769230769232
0 0.6153846153846154 0.4338942307692308 0.02403846153846154 0.016826923076923076
0 0.6262019230769231 0.45552884615384615 0.009615384615384616 0.016826923076923076
0 0.6418269230769231 0.4567307692307692 0.014423076923076924 0.03365384615384615
0 0.6634615384615384 0.4567307692307692 0.004807692307692308 0.016826923076923076
0 0.4495192307692308 0.46274038461538464 0.009615384615384616 0.021634615384615384
0 0.6754807692307693 0.47716346153846156 0.01201923076923077 0.021634615384615384
0 0.8173076923076923 0.4891826923076923 0.009615384615384616 0.02403846153846154
0 0.4483173076923077 0.4855769230769231 0.007211538461538462 0.026442307692307692
0 0.4170673076923077 0.5168269230769231 0.01201923076923077 0.021634615384615384
0 0.41466346153846156 0.5216346153846154 0.007211538461538462 0.007211538461538462
0 0.3485576923076923 0.6105769230769231 0.01201923076923077 0.019230769230769232