0 0.4951923076923077 0.19471153846153846 0.02403846153846154 0.03365384615384615
0 0.5841346153846154 0.3701923076923077 0.019230769230769232 0.026442307692307692
0 0.35096153846153844 0.4651442307692308 0.02403846153846154 0.03365384615384615
0 0.34615384615384615 0.4699519230769231 0.009615384615384616 0.014423076923076924
0 0.5853365384615384 0.4483173076923077 0.016826923076923076 0.03125
0 0.34975961538461536 0.5324519230769231 0.009615384615384616 0.014423076923076924
0 0.3557692307692308 0.5324519230769231 0.02403846153846154 0.040865384615384616
0 0.8305288461538461 0.40625 0.021634615384615384 0.02403846153846154
0 0.6887019230769231 0.4483173076923077 0.028846153846153848 0.021634615384615384
0 0.7055288461538461 0.46875 0.01201923076923077 0.019230769230769232
0 0.7223557692307693 0.4651442307692308 0.021634615384615384 0.038461538461538464
0 0.7439903846153846 0.45913461538461536 0.009615384615384616 0.016826923076923076
0 0.5276442307692307 0.5276442307692307 0.014423076923076924 0.02403846153846154
0 0.7620192307692307 0.47596153846153844 0.016826923076923076 0.02403846153846154
0 0.9110576923076923 0.44591346153846156 0.016826923076923076 0.026442307692307692
0 0.5348557692307693 0.5504807692307693 0.014423076923076924 0.026442307692307692
0 0.5108173076923077 0.5913461538461539 0.016826923076923076 0.02403846153846154
0 0.5096153846153846 0.5973557692307693 0.007211538461538462 0.009615384615384616
0 0.4699519230769231 0.7055288461538461 0.016826923076923076 0.021634615384615384