0 0.47115384615384615 0.2247596153846154 0.038461538461538464 0.07451923076923077
0 0.35697115384615385 0.27283653846153844 0.02403846153846154 0.03365384615384615
0 0.3786057692307692 0.35216346153846156 0.040865384615384616 0.057692307692307696
0 0.4098557692307692 0.35216346153846156 0.026442307692307692 0.04326923076923077
0 0.45072115384615385 0.36658653846153844 0.04326923076923077 0.08413461538461539
0 0.40384615384615385 0.38341346153846156 0.016826923076923076 0.02403846153846154
0 0.41225961538461536 0.38221153846153844 0.019230769230769232 0.02403846153846154
0 0.43028846153846156 0.390625 0.028846153846153848 0.04326923076923077
0 0.4266826923076923 0.43028846153846156 0.04326923076923077 0.0673076923076923
0 0.39783653846153844 0.43990384615384615 0.04326923076923077 0.06009615384615385
0 0.46634615384615385 0.42788461538461536 0.021634615384615384 0.038461538461538464
0 0.5096153846153846 0.4963942307692308 0.040865384615384616 0.06009615384615385
0 0.59375 0.4831730769230769 0.036057692307692304 0.07451923076923077
0 0.4651442307692308 0.515625 0.028846153846153848 0.06009615384615385
0 0.4855769230769231 0.5132211538461539 0.016826923076923076 0.038461538461538464
0 0.4543269230769231 0.5432692307692307 0.03365384615384615 0.057692307692307696
0 0.49158653846153844 0.5649038461538461 0.03365384615384615 0.07451923076923077
0 0.484375 0.5877403846153846 0.026442307692307692 0.057692307692307696
0 0.5012019230769231 0.6586538461538461 0.038461538461538464 0.07692307692307693