0 0.39783653846153844 0.28966346153846156 0.021634615384615384 0.0625
0 0.5012019230769231 0.3112980769230769 0.014423076923076924 0.026442307692307692
0 0.4963942307692308 0.38221153846153844 0.026442307692307692 0.04567307692307692
0 0.47115384615384615 0.38822115384615385 0.016826923076923076 0.036057692307692304
0 0.4387019230769231 0.40625 0.026442307692307692 0.06971153846153846
0 0.4807692307692308 0.41225961538461536 0.01201923076923077 0.019230769230769232
0 0.4735576923076923 0.41346153846153844 0.01201923076923077 0.019230769230769232
0 0.45913461538461536 0.4230769230769231 0.019230769230769232 0.03365384615384615
0 0.4699519230769231 0.45552884615384615 0.026442307692307692 0.052884615384615384
0 0.4951923076923077 0.4579326923076923 0.028846153846153848 0.04807692307692308
0 0.43509615384615385 0.45913461538461536 0.01201923076923077 0.03365384615384615
0 0.4110576923076923 0.5252403846153846 0.02403846153846154 0.04807692307692308
0 0.33774038461538464 0.5264423076923077 0.019230769230769232 0.06009615384615385
0 0.45072115384615385 0.5336538461538461 0.014423076923076924 0.05048076923076923
0 0.4326923076923077 0.5348557692307693 0.009615384615384616 0.03365384615384615
0 0.4639423076923077 0.5540865384615384 0.021634615384615384 0.04567307692307692
0 0.4362980769230769 0.578125 0.016826923076923076 0.06009615384615385
0 0.44711538461538464 0.5973557692307693 0.014423076923076924 0.04807692307692308
0 0.44350961538461536 0.6586538461538461 0.021634615384615384 0.06490384615384616