0 0.6394230769230769 0.27524038461538464 0.019230769230769232 0.057692307692307696
0 0.5408653846153846 0.29447115384615385 0.014423076923076924 0.02403846153846154
0 0.5444711538461539 0.3605769230769231 0.02403846153846154 0.04326923076923077
0 0.5685096153846154 0.36658653846153844 0.014423076923076924 0.03365384615384615
0 0.5985576923076923 0.38461538461538464 0.02403846153846154 0.0673076923076923
0 0.5588942307692307 0.3894230769230769 0.009615384615384616 0.019230769230769232
0 0.5661057692307693 0.390625 0.01201923076923077 0.019230769230769232
0 0.5793269230769231 0.40024038461538464 0.016826923076923076 0.03125
0 0.5685096153846154 0.43149038461538464 0.02403846153846154 0.05048076923076923
0 0.5444711538461539 0.4338942307692308 0.026442307692307692 0.04326923076923077
0 0.6009615384615384 0.43509615384615385 0.009615384615384616 0.028846153846153848
0 0.6237980769230769 0.4987980769230769 0.02403846153846154 0.04326923076923077
0 0.6923076923076923 0.5 0.019230769230769232 0.057692307692307696
0 0.5853365384615384 0.5060096153846154 0.014423076923076924 0.04807692307692308
0 0.6021634615384616 0.5072115384615384 0.009615384615384616 0.028846153846153848
0 0.5721153846153846 0.5252403846153846 0.019230769230769232 0.04326923076923077
0 0.5985576923076923 0.5492788461538461 0.014423076923076924 0.057692307692307696
0 0.5877403846153846 0.5661057692307693 0.01201923076923077 0.04326923076923077
0 0.5901442307692307 0.625 0.019230769230769232 0.0625