0 0.11778846153846154 0.6117788461538461 0.01201923076923077 0.021634615384615384
0 0.1466346153846154 0.6995192307692307 0.014423076923076924 0.014423076923076924
0 0.1622596153846154 0.8641826923076923 0.01201923076923077 0.016826923076923076
0 0.030048076923076924 0.33533653846153844 0.01201923076923077 0.007211538461538462
0 0.09134615384615384 0.3473557692307692 0.009615384615384616 0.019230769230769232
0 0.03365384615384615 0.3545673076923077 0.01201923076923077 0.01201923076923077
0 0.028846153846153848 0.4375 0.01201923076923077 0.014423076923076924
0 0.020432692307692308 0.4519230769230769 0.014423076923076924 0.014423076923076924
0 0.03365384615384615 0.4735576923076923 0.009615384615384616 0.02403846153846154
0 0.015625 0.47836538461538464 0.007211538461538462 0.016826923076923076
0 0.23918269230769232 0.5252403846153846 0.01201923076923077 0.01201923076923077