0 0.5817307692307693 0.11298076923076923 0.016826923076923076 0.026442307692307692
0 0.6610576923076923 0.109375 0.02403846153846154 0.036057692307692304
0 0.7764423076923077 0.10216346153846154 0.02403846153846154 0.021634615384615384
0 0.5588942307692307 0.13942307692307693 0.02403846153846154 0.01201923076923077
0 0.6009615384615384 0.15264423076923078 0.016826923076923076 0.03125
0 0.6418269230769231 0.15985576923076922 0.02403846153846154 0.019230769230769232
0 0.8076923076923077 0.13822115384615385 0.02403846153846154 0.040865384615384616
0 0.5516826923076923 0.27283653846153844 0.02403846153846154 0.028846153846153848
0 0.7608173076923077 0.4074519230769231 0.028846153846153848 0.028846153846153848
0 0.7019230769230769 0.4170673076923077 0.036057692307692304 0.021634615384615384
0 0.8653846153846154 0.4074519230769231 0.014423076923076924 0.014423076923076924
0 0.71875 0.4362980769230769 0.03125 0.019230769230769232
0 0.8617788461538461 0.44350961538461536 0.019230769230769232 0.02403846153846154
0 0.8197115384615384 0.5745192307692307 0.026442307692307692 0.03125
0 0.9411057692307693 0.8028846153846154 0.03125 0.040865384615384616