0 0.47475961538461536 0.08774038461538461 0.019230769230769232 0.026442307692307692
0 0.39663461538461536 0.07932692307692307 0.026442307692307692 0.038461538461538464
0 0.2860576923076923 0.06610576923076923 0.02403846153846154 0.021634615384615384
0 0.4951923076923077 0.1141826923076923 0.02403846153846154 0.01201923076923077
0 0.4543269230769231 0.125 0.019230769230769232 0.03125
0 0.41466346153846156 0.12980769230769232 0.026442307692307692 0.021634615384615384
0 0.2536057692307692 0.10096153846153846 0.02403846153846154 0.040865384615384616
0 0.4951923076923077 0.2439903846153846 0.02403846153846154 0.028846153846153848
0 0.2848557692307692 0.36538461538461536 0.028846153846153848 0.028846153846153848
0 0.3425480769230769 0.37740384615384615 0.036057692307692304 0.02403846153846154
0 0.18269230769230768 0.3605769230769231 0.014423076923076924 0.014423076923076924
0 0.3245192307692308 0.3954326923076923 0.03125 0.021634615384615384
0 0.18389423076923078 0.3942307692307692 0.019230769230769232 0.02403846153846154
0 0.21995192307692307 0.5252403846153846 0.026442307692307692 0.03125
0 0.09014423076923077 0.7427884615384616 0.03125 0.040865384615384616
0 0.25961538461538464 0.9254807692307693 0.02403846153846154 0.04567307692307692
0 0.18990384615384615 0.9326923076923077 0.01201923076923077 0.009615384615384616
0 0.2283653846153846 0.9519230769230769 0.019230769230769232 0.01201923076923077