0 0.49158653846153844 0.06129807692307692 0.021634615384615384 0.028846153846153848
0 0.4110576923076923 0.04807692307692308 0.028846153846153848 0.040865384615384616
0 0.2932692307692308 0.027644230769230768 0.026442307692307692 0.02403846153846154
0 0.5120192307692307 0.09014423076923077 0.026442307692307692 0.014423076923076924
0 0.4675480769230769 0.0985576923076923 0.021634615384615384 0.03365384615384615
0 0.42427884615384615 0.10216346153846154 0.026442307692307692 0.021634615384615384
0 0.25721153846153844 0.0625 0.026442307692307692 0.04326923076923077
0 0.5048076923076923 0.22716346153846154 0.026442307692307692 0.03125
0 0.2764423076923077 0.34375 0.03125 0.03125
0 0.33533653846153844 0.359375 0.038461538461538464 0.026442307692307692
0 0.16947115384615385 0.3317307692307692 0.016826923076923076 0.016826923076923076
0 0.31490384615384615 0.37740384615384615 0.03365384615384615 0.02403846153846154
0 0.16826923076923078 0.36899038461538464 0.021634615384615384 0.026442307692307692
0 0.19831730769230768 0.5072115384615384 0.028846153846153848 0.03365384615384615
0 0.04927884615384615 0.7295673076923077 0.03365384615384615 0.04326923076923077
0 0.21875 0.9266826923076923 0.02403846153846154 0.038461538461538464