0 0.9771634615384616 0.6574519230769231 0.004807692307692308 0.016826923076923076
0 0.49399038461538464 0.6418269230769231 0.007211538461538462 0.007211538461538462
0 0.2692307692307692 0.6622596153846154 0.004807692307692308 0.007211538461538462
0 0.29927884615384615 0.6875 0.007211538461538462 0.009615384615384616
0 0.23918269230769232 0.7091346153846154 0.004807692307692308 0.009615384615384616
0 0.8894230769230769 0.7596153846153846 0.01201923076923077 0.014423076923076924
0 0.25961538461538464 0.7283653846153846 0.004807692307692308 0.009615384615384616
0 0.2848557692307692 0.7331730769230769 0.004807692307692308 0.004807692307692308
0 0.23317307692307693 0.7403846153846154 0.007211538461538462 0.009615384615384616
0 0.26802884615384615 0.7836538461538461 0.009615384615384616 0.004807692307692308
0 0.27163461538461536 0.796875 0.007211538461538462 0.009615384615384616
0 0.2548076923076923 0.8016826923076923 0.007211538461538462 0.004807692307692308
0 0.2548076923076923 0.8137019230769231 0.007211538461538462 0.01201923076923077
0 0.28125 0.8293269230769231 0.007211538461538462 0.007211538461538462
0 0.30528846153846156 0.8341346153846154 0.007211538461538462 0.004807692307692308
0 0.38100961538461536 0.4074519230769231 0.004807692307692308 0.007211538461538462
0 0.34134615384615385 0.40625 0.004807692307692308 0.004807692307692308
0 0.9663461538461539 0.45072115384615385 0.009615384615384616 0.021634615384615384
0 0.2776442307692308 0.4170673076923077 0.004807692307692308 0.007211538461538462
0 0.3713942307692308 0.42427884615384615 0.007211538461538462 0.007211538461538462
0 0.31971153846153844 0.42908653846153844 0.007211538461538462 0.004807692307692308
0 0.34975961538461536 0.4375 0.007211538461538462 0.007211538461538462
0 0.31850961538461536 0.4387019230769231 0.007211538461538462 0.004807692307692308
0 0.5 0.039663461538461536 0.007211538461538462 0.009615384615384616
0 0.31009615384615385 0.43990384615384615 0.004807692307692308 0.009615384615384616
0 0.3317307692307692 0.453125 0.004807692307692308 0.007211538461538462
0 0.3112980769230769 0.4567307692307692 0.004807692307692308 0.009615384615384616
0 0.3161057692307692 0.47115384615384615 0.007211538461538462 0.009615384615384616
0 0.9735576923076923 0.5516826923076923 0.007211538461538462 0.014423076923076924
0 0.3293269230769231 0.5264423076923077 0.004807692307692308 0.007211538461538462
0 0.9435096153846154 0.5697115384615384 0.007211538461538462 0.016826923076923076