0 0.42908653846153844 0.7223557692307693 0.009615384615384616 0.009615384615384616
0 0.15985576923076922 0.7512019230769231 0.004807692307692308 0.009615384615384616
0 0.19591346153846154 0.78125 0.009615384615384616 0.01201923076923077
0 0.125 0.8064903846153846 0.004807692307692308 0.01201923076923077
0 0.9050480769230769 0.8557692307692307 0.014423076923076924 0.019230769230769232
0 0.1502403846153846 0.8293269230769231 0.004807692307692308 0.01201923076923077
0 0.18028846153846154 0.8353365384615384 0.004807692307692308 0.004807692307692308
0 0.11899038461538461 0.84375 0.007211538461538462 0.01201923076923077
0 0.16105769230769232 0.8966346153846154 0.009615384615384616 0.007211538461538462
0 0.1658653846153846 0.9134615384615384 0.009615384615384616 0.01201923076923077
0 0.14543269230769232 0.9170673076923077 0.009615384615384616 0.004807692307692308
0 0.14543269230769232 0.9326923076923077 0.007211538461538462 0.01201923076923077
0 0.1778846153846154 0.9507211538461539 0.009615384615384616 0.007211538461538462
0 0.20793269230769232 0.9567307692307693 0.007211538461538462 0.007211538461538462
0 0.28846153846153844 0.44350961538461536 0.007211538461538462 0.007211538461538462
0 0.2403846153846154 0.4423076923076923 0.007211538461538462 0.004807692307692308
0 0.9903846153846154 0.484375 0.009615384615384616 0.02403846153846154
0 0.1658653846153846 0.4567307692307692 0.007211538461538462 0.009615384615384616
0 0.2764423076923077 0.46274038461538464 0.009615384615384616 0.007211538461538462
0 0.21634615384615385 0.47115384615384615 0.007211538461538462 0.004807692307692308
0 0.25 0.4807692307692308 0.009615384615384616 0.007211538461538462
0 0.21514423076923078 0.48197115384615385 0.009615384615384616 0.007211538461538462
0 0.42427884615384615 0.006009615384615385 0.01201923076923077 0.01201923076923077
0 0.20432692307692307 0.4831730769230769 0.004807692307692308 0.01201923076923077
0 0.23076923076923078 0.4987980769230769 0.004807692307692308 0.009615384615384616
0 0.20552884615384615 0.5024038461538461 0.004807692307692308 0.01201923076923077
0 0.2127403846153846 0.5216346153846154 0.009615384615384616 0.01201923076923077
0 0.2283653846153846 0.5865384615384616 0.007211538461538462 0.007211538461538462
0 0.9675480769230769 0.6274038461538461 0.007211538461538462 0.019230769230769232