0 0.49278846153846156 0.5877403846153846 0.009615384615384616 0.009615384615384616
0 0.22355769230769232 0.6454326923076923 0.004807692307692308 0.009615384615384616
0 0.2644230769230769 0.671875 0.009615384615384616 0.01201923076923077
0 0.1935096153846154 0.7055288461538461 0.004807692307692308 0.01201923076923077
0 0.9867788461538461 0.671875 0.014423076923076924 0.019230769230769232
0 0.22355769230769232 0.7259615384615384 0.004807692307692308 0.01201923076923077
0 0.2536057692307692 0.7283653846153846 0.004807692307692308 0.004807692307692308
0 0.19230769230769232 0.7439903846153846 0.007211538461538462 0.01201923076923077
0 0.2403846153846154 0.7932692307692307 0.009615384615384616 0.007211538461538462
0 0.24639423076923078 0.8076923076923077 0.009615384615384616 0.01201923076923077
0 0.22716346153846154 0.8137019230769231 0.009615384615384616 0.004807692307692308
0 0.22956730769230768 0.8293269230769231 0.007211538461538462 0.014423076923076924
0 0.2644230769230769 0.8449519230769231 0.009615384615384616 0.007211538461538462
0 0.29447115384615385 0.8473557692307693 0.007211538461538462 0.007211538461538462
0 0.32091346153846156 0.32091346153846156 0.007211538461538462 0.007211538461538462
0 0.27283653846153844 0.32572115384615385 0.007211538461538462 0.004807692307692308
0 0.19951923076923078 0.3473557692307692 0.007211538461538462 0.009615384615384616
0 0.3125 0.34375 0.009615384615384616 0.007211538461538462
0 0.25 0.3557692307692308 0.007211538461538462 0.004807692307692308
0 0.28846153846153844 0.3629807692307692 0.009615384615384616 0.007211538461538462
0 0.2512019230769231 0.36778846153846156 0.009615384615384616 0.007211538461538462
0 0.2403846153846154 0.3713942307692308 0.004807692307692308 0.01201923076923077
0 0.26802884615384615 0.38341346153846156 0.004807692307692308 0.009615384615384616
0 0.2439903846153846 0.390625 0.004807692307692308 0.01201923076923077
0 0.2536057692307692 0.4074519230769231 0.009615384615384616 0.01201923076923077
0 0.2764423076923077 0.4723557692307692 0.007211538461538462 0.007211538461538462