0 0.4423076923076923 0.5817307692307693 0.014423076923076924 0.014423076923076924
0 0.41947115384615385 0.5829326923076923 0.019230769230769232 0.019230769230769232
0 0.4050480769230769 0.6286057692307693 0.019230769230769232 0.014423076923076924
0 0.45913461538461536 0.6923076923076923 0.021634615384615384 0.03125
0 0.1935096153846154 0.8545673076923077 0.016826923076923076 0.016826923076923076
0 0.5228365384615384 0.10336538461538461 0.016826923076923076 0.026442307692307692
0 0.4567307692307692 0.15625 0.016826923076923076 0.028846153846153848
0 0.4543269230769231 0.1935096153846154 0.016826923076923076 0.028846153846153848
0 0.5084134615384616 0.28125 0.021634615384615384 0.02403846153846154
0 0.5072115384615384 0.28846153846153844 0.014423076923076924 0.019230769230769232
0 0.5132211538461539 0.33774038461538464 0.014423076923076924 0.021634615384615384
0 0.5168269230769231 0.34615384615384615 0.007211538461538462 0.01201923076923077
0 0.35216346153846156 0.32091346153846156 0.01201923076923077 0.019230769230769232
0 0.4254807692307692 0.43149038461538464 0.014423076923076924 0.019230769230769232