0 0.32091346153846156 0.5793269230769231 0.014423076923076924 0.016826923076923076
0 0.296875 0.5793269230769231 0.019230769230769232 0.019230769230769232
0 0.27884615384615385 0.6298076923076923 0.019230769230769232 0.016826923076923076
0 0.3401442307692308 0.7007211538461539 0.02403846153846154 0.03365384615384615
0 0.04567307692307692 0.8810096153846154 0.019230769230769232 0.019230769230769232
0 0.4110576923076923 0.04807692307692308 0.019230769230769232 0.028846153846153848
0 0.33774038461538464 0.10817307692307693 0.019230769230769232 0.03365384615384615
0 0.3329326923076923 0.14903846153846154 0.019230769230769232 0.03365384615384615
0 0.3942307692307692 0.24519230769230768 0.02403846153846154 0.028846153846153848
0 0.39302884615384615 0.2536057692307692 0.016826923076923076 0.021634615384615384
0 0.39903846153846156 0.3076923076923077 0.016826923076923076 0.02403846153846154
0 0.40384615384615385 0.3173076923076923 0.007211538461538462 0.01201923076923077
0 0.22235576923076922 0.28966346153846156 0.01201923076923077 0.021634615384615384
0 0.30288461538461536 0.41225961538461536 0.016826923076923076 0.021634615384615384