0 0.5408653846153846 0.6382211538461539 0.014423076923076924 0.014423076923076924
0 0.5612980769230769 0.6490384615384616 0.019230769230769232 0.019230769230769232
0 0.5540865384615384 0.6947115384615384 0.019230769230769232 0.014423076923076924
0 0.47596153846153844 0.7259615384615384 0.021634615384615384 0.028846153846153848
0 0.6382211538461539 0.9891826923076923 0.016826923076923076 0.016826923076923076
0 0.6850961538461539 0.17908653846153846 0.016826923076923076 0.026442307692307692
0 0.71875 0.25600961538461536 0.016826923076923076 0.028846153846153848
0 0.7067307692307693 0.29086538461538464 0.016826923076923076 0.028846153846153848
0 0.6177884615384616 0.34375 0.021634615384615384 0.02403846153846154
0 0.6153846153846154 0.35096153846153844 0.014423076923076924 0.019230769230769232
0 0.5889423076923077 0.3894230769230769 0.014423076923076924 0.021634615384615384
0 0.5805288461538461 0.3954326923076923 0.007211538461538462 0.01201923076923077
0 0.7379807692307693 0.44711538461538464 0.01201923076923077 0.019230769230769232
0 0.6225961538461539 0.5120192307692307 0.014423076923076924 0.019230769230769232