0 0.9435096153846154 0.08533653846153846 0.009615384615384616 0.019230769230769232
0 0.5637019230769231 0.0733173076923077 0.019230769230769232 0.019230769230769232
0 0.9903846153846154 0.11057692307692307 0.016826923076923076 0.021634615384615384
0 0.6766826923076923 0.15865384615384615 0.014423076923076924 0.021634615384615384
0 0.5588942307692307 0.01201923076923077 0.02403846153846154 0.021634615384615384
0 0.5072115384615384 0.010817307692307692 0.014423076923076924 0.021634615384615384
0 0.7704326923076923 0.234375 0.026442307692307692 0.040865384615384616
0 0.9567307692307693 0.25841346153846156 0.016826923076923076 0.02403846153846154
0 0.9362980769230769 0.44471153846153844 0.014423076923076924 0.03365384615384615
0 0.8641826923076923 0.46875 0.036057692307692304 0.02403846153846154
0 0.8353365384615384 0.5060096153846154 0.01201923076923077 0.03125
0 0.7896634615384616 0.5504807692307693 0.014423076923076924 0.02403846153846154
0 0.8930288461538461 0.5673076923076923 0.026442307692307692 0.03365384615384615