0 0.7776442307692307 0.6550480769230769 0.026442307692307692 0.021634615384615384
0 0.4411057692307692 0.7211538461538461 0.036057692307692304 0.02403846153846154
0 0.7668269230769231 0.7295673076923077 0.021634615384615384 0.019230769230769232
0 0.5144230769230769 0.9819711538461539 0.03365384615384615 0.03125
0 0.5228365384615384 0.328125 0.019230769230769232 0.028846153846153848
0 0.5576923076923077 0.33413461538461536 0.01201923076923077 0.03365384615384615
0 0.2127403846153846 0.46153846153846156 0.016826923076923076 0.02403846153846154
0 0.5721153846153846 0.4110576923076923 0.019230769230769232 0.021634615384615384
0 0.7091346153846154 0.4074519230769231 0.026442307692307692 0.03125
0 0.9783653846153846 0.39663461538461536 0.021634615384615384 0.019230769230769232
0 0.8774038461538461 0.41225961538461536 0.02403846153846154 0.019230769230769232
0 0.6502403846153846 0.45552884615384615 0.019230769230769232 0.028846153846153848
0 0.9098557692307693 0.4266826923076923 0.02403846153846154 0.026442307692307692
0 0.5216346153846154 0.4891826923076923 0.021634615384615384 0.040865384615384616
0 0.5685096153846154 0.4831730769230769 0.026442307692307692 0.021634615384615384
0 0.8569711538461539 0.44350961538461536 0.019230769230769232 0.03125
0 0.5180288461538461 0.5144230769230769 0.03365384615384615 0.026442307692307692
0 0.1875 0.5745192307692307 0.026442307692307692 0.03365384615384615
0 0.5060096153846154 0.5456730769230769 0.014423076923076924 0.026442307692307692