0 0.3004807692307692 0.640625 0.026442307692307692 0.021634615384615384
0 0.6550480769230769 0.6838942307692307 0.036057692307692304 0.021634615384615384
0 0.31850961538461536 0.7163461538461539 0.019230769230769232 0.016826923076923076
0 0.5985576923076923 0.9675480769230769 0.028846153846153848 0.04567307692307692
0 0.5420673076923077 0.2848557692307692 0.019230769230769232 0.028846153846153848
0 0.5060096153846154 0.2920673076923077 0.009615384615384616 0.03365384615384615
0 0.039663461538461536 0.2764423076923077 0.021634615384615384 0.036057692307692304
0 0.8713942307692307 0.39903846153846156 0.014423076923076924 0.02403846153846154
0 0.4951923076923077 0.37259615384615385 0.016826923076923076 0.021634615384615384
0 0.3545673076923077 0.3798076923076923 0.026442307692307692 0.03125
0 0.07572115384615384 0.38822115384615385 0.021634615384615384 0.016826923076923076
0 0.1814903846153846 0.3954326923076923 0.02403846153846154 0.019230769230769232
0 0.4182692307692308 0.4254807692307692 0.016826923076923076 0.028846153846153848
0 0.14903846153846154 0.41346153846153844 0.02403846153846154 0.026442307692307692
0 0.5540865384615384 0.45072115384615385 0.019230769230769232 0.04326923076923077
0 0.5060096153846154 0.4483173076923077 0.026442307692307692 0.021634615384615384
0 0.20432692307692307 0.42788461538461536 0.016826923076923076 0.03125
0 0.5600961538461539 0.47596153846153844 0.03365384615384615 0.02403846153846154
0 0.90625 0.5144230769230769 0.02403846153846154 0.03365384615384615
0 0.5745192307692307 0.5072115384615384 0.014423076923076924 0.026442307692307692