0 0.7800480769230769 0.6658653846153846 0.028846153846153848 0.021634615384615384
0 0.39302884615384615 0.6670673076923077 0.038461538461538464 0.02403846153846154
0 0.7536057692307693 0.7463942307692307 0.021634615384615384 0.016826923076923076
0 0.41586538461538464 0.9759615384615384 0.03125 0.040865384615384616
0 0.5685096153846154 0.25 0.021634615384615384 0.03125
0 0.6057692307692307 0.26322115384615385 0.01201923076923077 0.036057692307692304
0 0.19591346153846154 0.33052884615384615 0.016826923076923076 0.026442307692307692
0 0.6069711538461539 0.35096153846153844 0.019230769230769232 0.02403846153846154
0 0.7584134615384616 0.37740384615384615 0.028846153846153848 0.03365384615384615
0 0.9423076923076923 0.4182692307692308 0.026442307692307692 0.019230769230769232
0 0.6826923076923077 0.4182692307692308 0.019230769230769232 0.03125
0 0.9759615384615384 0.4423076923076923 0.02403846153846154 0.026442307692307692
0 0.5324519230769231 0.42788461538461536 0.021634615384615384 0.04567307692307692
0 0.5841346153846154 0.4326923076923077 0.028846153846153848 0.021634615384615384
0 0.9146634615384616 0.4495192307692308 0.019230769230769232 0.03365384615384615
0 0.5228365384615384 0.45552884615384615 0.036057692307692304 0.026442307692307692
0 0.14423076923076922 0.4495192307692308 0.026442307692307692 0.036057692307692304
0 0.5036057692307693 0.48677884615384615 0.014423076923076924 0.028846153846153848