0 0.8052884615384616 0.5889423076923077 0.03125 0.038461538461538464
0 0.7271634615384616 0.5925480769230769 0.038461538461538464 0.028846153846153848
0 0.8497596153846154 0.5949519230769231 0.016826923076923076 0.038461538461538464
0 0.8149038461538461 0.6177884615384616 0.019230769230769232 0.028846153846153848
0 0.8329326923076923 0.6826923076923077 0.028846153846153848 0.04807692307692308
0 0.8701923076923077 0.3112980769230769 0.04567307692307692 0.05048076923076923
0 0.8557692307692307 0.3737980769230769 0.03125 0.02403846153846154
0 0.9170673076923077 0.3870192307692308 0.040865384615384616 0.026442307692307692
0 0.9278846153846154 0.4050480769230769 0.019230769230769232 0.028846153846153848
0 0.9759615384615384 0.40625 0.028846153846153848 0.06009615384615385
0 0.8461538461538461 0.46153846153846156 0.038461538461538464 0.03365384615384615
0 0.9435096153846154 0.4675480769230769 0.019230769230769232 0.05048076923076923
0 0.9134615384615384 0.47115384615384615 0.028846153846153848 0.026442307692307692
0 0.8293269230769231 0.4951923076923077 0.028846153846153848 0.02403846153846154
0 0.8701923076923077 0.5084134615384616 0.021634615384615384 0.040865384615384616
0 0.8533653846153846 0.5264423076923077 0.036057692307692304 0.03365384615384615