0 0.078125 0.5012019230769231 0.038461538461538464 0.04326923076923077
0 0.15144230769230768 0.5264423076923077 0.04326923076923077 0.038461538461538464
0 0.03245192307692308 0.4963942307692308 0.02403846153846154 0.040865384615384616
0 0.06009615384615385 0.5252403846153846 0.02403846153846154 0.03125
0 0.025240384615384616 0.5841346153846154 0.038461538461538464 0.052884615384615384
0 0.08533653846153846 0.21875 0.055288461538461536 0.06009615384615385
0 0.08533653846153846 0.2824519230769231 0.036057692307692304 0.03125
0 0.07211538461538461 0.36899038461538464 0.04326923076923077 0.040865384615384616
0 0.078125 0.4050480769230769 0.03125 0.028846153846153848
0 0.03485576923076923 0.40625 0.028846153846153848 0.04567307692307692
0 0.04807692307692308 0.42908653846153844 0.04326923076923077 0.040865384615384616