0 0.9326923076923077 0.5108173076923077 0.040865384615384616 0.04807692307692308
0 0.8521634615384616 0.5360576923076923 0.04807692307692308 0.040865384615384616
0 0.9831730769230769 0.5048076923076923 0.026442307692307692 0.04326923076923077
0 0.9519230769230769 0.5360576923076923 0.026442307692307692 0.03365384615384615
0 0.9831730769230769 0.6009615384615384 0.028846153846153848 0.057692307692307696
0 0.9194711538461539 0.20192307692307693 0.052884615384615384 0.0625
0 0.9254807692307693 0.2704326923076923 0.038461538461538464 0.03365384615384615
0 0.9399038461538461 0.3641826923076923 0.04807692307692308 0.04567307692307692
0 0.9326923076923077 0.40384615384615385 0.036057692307692304 0.03125
0 0.9795673076923077 0.40625 0.03365384615384615 0.04807692307692308
0 0.9663461538461539 0.43149038461538464 0.04807692307692308 0.04567307692307692